0.884666
0.918415
0.904132
0.928958
0.952204
0.940403
0.912624
0.920107
0.918593
0.92715
0.887238
0.932088
0.931418
0.9091
0.912586
0.898084
0.929033
0.94906
0.921072
0.912782
0.917474
0.918056
0.916945
0.882839
0.931366
0.931418
0.869487
0.868361
0.894556
0.936308
0.901373
0.907396
0.914705
0.913241
0.908915
0.919938
0.796804
0.828896
0.824489
0.877215
0.887238
0.898461
0.904823
0.920146
0.905264
0.907188
0.903226
0.89095
0.900434
0.904361
0.899758
0.903734
0.906757
0.908047
0.919321
0.937311
0.91005
0.920074
0.905461
0.912799
0.890549
0.849063
0.761493
0.85938
0.947631
0.94902
0.940526
0.935829
0.933125
0.931837
0.920179
0.922298
0.903112
0.910279
0.891101
0.898089
0.873768
0.882811
0.907455
0.910658
0.894757
0.864158
0.907135
0.914669
0.885229
0.905562
0.834012
0.871819
0.872006
0.865497
0.753532
0.844961
0.827951
0.87016
0.895822
0.660936
0.91697
0.892245
0.87054
0.871918
0.922141
0.89694
0.934714
0.930576
0.952613
0.938813
0.940129
0.947075
0.934025
0.933656
0.941535
0.912304
0.936514
0.927451
0.956721
0.94595
0.933846
0.937584
0.923074
0.92786
0.916433
0.917537
0.947258
0.92426
0.934152
0.937734
0.926836
0.927793
0.917334
0.924046
0.917065
0.914745
0.93271
0.928459
0.917743
0.917662
0.92784
0.921108
0.925029
0.918535
0.931326
0.930424
0.934086
0.928341
0.919132
0.923814
0.916009
0.918054
0.917837
0.916883
0.91722
0.92103
0.888105
0.888887
0.897155
0.898326
0.902912
0.895932
0.900941
0.90087
0.913351
0.923451
0.923664
0.907973
0.934734
0.926239
0.907904
0.905593
0.893197
0.895861
0.905329
0.89451
0.931146
0.92947
0.936357
0.928541
0.923834
0.917632
0.939454
0.941769
0.92745
0.924582
0.930613
0.935027
0.927426
0.909943
0.880867
0.870182
0.933788
0.899304
0.847771
0.889933
0.920161
0.916116
0.919215
0.91229
0.858959
0.804304
0.888605
0.870814
0.884421
0.887755
0.932534
0.940731
0.909059
0.91263
0.890101
0.89736
0.91311
0.909312
0.90736
0.901872
0.908389
0.910074
0.942537
0.923002
0.924038
0.914299
0.88815
0.90722
0.830353
0.872619
0.872843
0.772921
0.952441
0.947376
0.940167
0.938397
0.931262
0.933758
0.927682
0.919318
0.904046
0.902204
0.896994
0.88482
0.883514
0.876112
0.908789
0.90459
0.847705
0.877751
0.916154
0.914463
0.897584
0.877517
0.85319
0.834722
0.860903
0.883448
0.7321
0.785236
0.784417
0.691092
0.878966
0.914637
0.887414
0.899653
0.876996
0.877289
0.918771
0.922721
0.940733
0.936204
0.939652
0.950772
0.935023
0.935633
0.930779
0.933354
0.91701
0.927393
0.916525
0.931609
0.948536
0.951078
0.945752
0.936342
0.929504
0.920607
0.91382
0.916345
0.94099
0.939079
0.944566
0.939095
0.927625
0.924024
0.923091
0.917405
0.915842
0.917504
0.925092
0.934923
0.912618
0.915324
0.923625
0.929139
0.917107
0.924841
0.931709
0.927877
0.925369
0.929269
0.920939
0.91635
0.917568
0.919401
0.912349
0.912474
0.913327
0.900716
0.886644
0.884214
0.894076
0.892138
0.89312
0.89881
0.901202
0.894662
0.914146
0.907845
0.909931
0.921834
0.920847
0.931125
0.899278
0.887454
0.883863
0.890629
0.893898
0.904826
0.926016
0.929171
0.928154
0.93596
0.911829
0.922576
0.933381
0.930936
0.924452
0.926613
0.936083
0.930568
0.90799
0.930364
0.926228
0.920836
0.91383
0.932083
0.926538
0.919888
0.928629
0.930661
0.928133
0.93174
0.926511
0.929389
0.931352
0.939003
0.920182
0.937446
0.954213
0.96098
0.965407
0.969358
0.910112
0.910413
0.897898
0.899693
0.898386
0.916949
0.896589
0.908917
0.936404
0.949676
0.928532
0.94175
0.959916
0.967291
0.955861
0.953212
0.910848
0.915345
0.904979
0.899103
0.91004
0.906075
0.912157
0.909771
0.949695
0.946455
0.942284
0.948841
0.946097
0.953559
0.946797
0.948566
0.952457
0.955596
0.946172
0.95166
0.940596
0.935384
0.940549
0.940615
0.937218
0.934315
0.930846
0.930772
0.926273
0.930457
0.925221
0.931111
0.925669
0.930496
0.920319
0.926774
0.915485
0.922268
0.917725
0.923025
0.918538
0.92078
0.920942
0.921446
0.9157
0.920668
0.906794
0.913835
0.911861
0.911073
0.914591
0.918649
0.916095
0.916354
0.918293
0.91873
0.908776
0.914593
0.898185
0.904437
0.904832
0.905361
0.897841
0.906602
0.88682
0.893432
0.890011
0.893396
0.910906
0.915829
0.90824
0.911704
0.904153
0.909377
0.897794
0.900234
0.885964
0.89023
0.884683
0.884975
0.904262
0.903407
0.903076
0.904471
0.896029
0.899079
0.889632
0.890998
0.889213
0.892303
0.911388
0.913722
0.902114
0.906428
0.903471
0.905951
0.901829
0.904397
0.89778
0.902699
0.896398
0.897042
0.921012
0.924702
0.914539
0.921867
0.914475
0.918506
0.905654
0.911664
0.907759
0.907987
0.900881
0.907232
0.94632
0.946303
0.943101
0.946504
0.907687
0.913161
0.930316
0.92527
0.938125
0.922227
0.927543
0.920441
0.941239
0.942287
0.949573
0.931454
0.966814
0.960166
0.968359
0.969727
0.910003
0.923751
0.909894
0.900899
0.925587
0.918306
0.922317
0.914072
0.955365
0.941371
0.948418
0.938516
0.966006
0.959214
0.957903
0.953401
0.93056
0.915716
0.910888
0.915969
0.924816
0.918942
0.915847
0.906007
0.948832
0.951399
0.946259
0.948991
0.948158
0.949202
0.940904
0.938107
0.957029
0.953553
0.942119
0.942363
0.93788
0.936415
0.937867
0.947207
0.933332
0.937618
0.931881
0.930302
0.91881
0.917196
0.923323
0.920911
0.92922
0.928751
0.922941
0.926846
0.929482
0.921986
0.912107
0.912267
0.915289
0.919519
0.922311
0.923875
0.928406
0.92528
0.922668
0.916671
0.915363
0.907415
0.910252
0.912346
0.913109
0.915607
0.920045
0.924845
0.926653
0.921071
0.913417
0.902395
0.898902
0.896165
0.921878
0.911781
0.902746
0.893682
0.890847
0.883156
0.910511
0.910692
0.91146
0.913955
0.916781
0.911787
0.910308
0.902374
0.894805
0.890425
0.879549
0.881034
0.912404
0.912963
0.914271
0.913825
0.912133
0.901851
0.898429
0.89141
0.888715
0.884338
0.910667
0.909251
0.911914
0.911928
0.915967
0.911532
0.91256
0.911233
0.910177
0.903828
0.901542
0.895129
0.918408
0.914468
0.917747
0.914578
0.91675
0.915545
0.922084
0.917691
0.918268
0.914505
0.912307
0.900318
0.946449
0.943073
0.951833
0.948909
0.909851
0.911032
0.978897
0.974249
0.947203
0.940985
0.969743
0.965163
0.93956
0.942648
0.93781
0.96945
0.947224
0.958633
0.963101
0.953267
0.921761
0.911908
0.995997
0.980521
0.934994
0.937185
0.978412
0.972964
0.934001
0.945047
0.937312
0.951521
0.944497
0.947442
0.959172
0.936524
0.909317
0.907482
0.973065
0.96943
0.966359
0.978188
0.984756
0.983011
0.975522
0.970267
0.968365
0.975543
0.97257
0.975109
0.973855
0.973058
0.94272
0.942482
0.902171
0.956157
0.964079
0.940263
0.937746
0.952598
0.930743
0.967562
0.835913
0.899972
0.931612
0.939174
0.934138
0.942593
0.952516
0.957857
0.984165
0.987003
0.973713
0.976652
0.96428
0.971539
0.930346
0.941224
0.91493
0.932791
0.935357
0.941247
0.943305
0.944732
0.966543
0.971071
0.944943
0.740586
0.953275
0.946265
0.954153
0.95646
0.959903
0.957266
0.957996
0.965088
0.885317
0.75223
0.934782
0.893522
0.969378
0.954013
0.970686
0.976195
0.969792
0.971611
0.891626
0.877602
0.935114
0.892175
0.970862
0.961269
0.980176
0.978494
0.944058
0.898993
0.979495
0.962596
0.981298
0.987259
0.957418
0.95789
0.985559
0.974519
1
0.991743
0.972747
0.977281
0.972387
0.968567
0.990751
0.98817
0.885904
0.692085
0.938673
0.931801
0.947207
0.943444
0.955767
0.95835
0.956167
0.960269
0.95255
0.959884
0.936126
0.936036
0.933248
0.934372
0.924453
0.931426
0.956348
0.958851
0.973399
0.971232
0.960559
0.964212
0.950117
0.962403
0.961915
0.962145
0.970572
0.970117
0.97232
0.976312
0.96659
0.965312
0.965851
0.962995
0.992118
0.993894
0.93016
0.935057
0.941534
0.946533
0.939672
0.939223
0.976511
0.978242
0.98159
0.982426
0.930929
0.94554
0.927578
0.929856
0.928748
0.923506
0.963278
0.969054
0.945382
0.922958
0.953116
0.956257
0.979068
0.982874
0.976515
0.984333
0.975785
0.971009
0.955398
0.9416
0.939962
0.949054
0.955398
0.927104
0.945828
0.962475
0.937288
0.938219
0.934521
0.935167
0.921299
0.925206
0.918014
0.926069
0.918482
0.920984
0.964131
0.96066
0.984684
0.983186
0.968857
0.97515
0.966345
0.967127
0.972139
0.970376
0.96555
0.95886
0.962705
0.964173
0.959409
0.958933
0.9474
0.941051
0.954614
0.948065
0.954569
0.960085
0.94607
0.93872
0.955716
0.954875
0.941469
0.947594
0.952503
0.948746
0.936988
0.93752
0.938473
0.939188
0.948955
0.945935
0.933567
0.936013
0.937208
0.936198
0.945913
0.943507
0.932015
0.92925
0.93738
0.935866
0.94201
0.938888
0.935776
0.93061
0.9433
0.939896
0.950221
0.944861
0.939965
0.944359
0.933864
0.935336
0.924087
0.926325
0.930175
0.928636
0.952795
0.951207
0.96501
0.967813
0.97559
0.982261
0.967959
0.970091
0.960866
0.965532
0.953425
0.956742
0.956968
0.951015
0.97987
0.981747
0.967319
0.971806
0.965547
0.963689
0.972336
0.969957
0.964961
0.97124
0.955274
0.959664
0.947183
0.946631
0.939807
0.937476
0.943406
0.941092
0.942946
0.944674
0.937949
0.944777
0.944051
0.942294
0.939156
0.942119
0.924619
0.933457
0.946497
0.946005
0.93799
0.941471
0.918164
0.926826
0.932747
0.936089
0.918653
0.91413
0.946347
0.949404
0.925077
0.935152
0.949606
0.951618
0.936409
0.929601
0.939111
0.943003
0.940913
0.945824
0.93995
0.938794
0.929676
0.929253
0.926372
0.917174
0.920531
0.871709
0.988114
0.982232
0.973475
0.985429
0.966841
0.972638
0.967349
0.967586
0.961893
0.960603
0.961857
0.96026
0.984871
0.975852
0.968388
0.969358
0.962551
0.961019
0.965494
0.965305
0.959902
0.962657
0.953551
0.953803
0.946403
0.94625
0.955885
0.954294
0.958111
0.961257
0.932915
0.937944
0.936181
0.941415
0.941956
0.945105
0.927715
0.931091
0.920445
0.922564
0.919362
0.914862
0.911771
0.91505
0.918876
0.917658
0.926983
0.929478
0.924946
0.923048
0.915742
0.91759
0.922742
0.93006
0.920676
0.918018
0.91544
0.913097
0.916898
0.921237
0.990325
0.99144
0.995505
0.9959
0.992672
0.988537
0.979353
0.987652
0.983443
0.969565
0.991097
0.992769
0.989755
0.983974
0.936364
0.944888
0.947634
0.886183
0.940101
0.937126
0.946305
0.952843
0.997526
0.875037
0.890079
0.886498
0.929649
0.926013
0.942896
0.951765
0.958007
0.960016
0.992558
0.995218
0.994737
0.997339
0.995065
0.996416
0.932527
0.92744
0.929146
0.926825
0.921476
0.93066
0.93686
0.935885
0.972041
0.966332
0.937515
0.944927
0.928217
0.920303
0.92901
0.933379
0.93044
0.943701
0.957858
0.960441
0.916922
0.899571
0.852549
0.895831
0.910815
0.914707
0.932769
0.96081
0.968911
0.966724
0.842443
0.886646
0.867133
0.881404
0.928557
0.939197
0.967355
0.970483
0.861642
0.923432
0.94554
0.973401
0.984237
0.977721
0.926988
0.969839
0.980047
0.992447
0.994599
0.998228
0.953767
0.998585
0.996383
0.998202
0.997671
0.994702
0.741792
0.830595
0.919489
0.928313
0.942852
0.940796
0.953527
0.9549
0.95584
0.93876
0.941313
0.932192
0.938431
0.935266
0.93603
0.943282
0.93806
0.933921
0.949098
0.932646
0.943549
0.967287
0.95533
0.962392
0.976709
0.964019
0.976783
0.985358
0.983024
0.978599
0.978343
0.967739
0.978031
0.978867
0.976082
0.968068
0.961332
0.961646
0.93923
0.940558
0.946088
0.944018
0.940254
0.936379
0.977647
0.968835
0.974778
0.981678
0.928343
0.919635
0.928042
0.924893
0.936419
0.935183
0.932882
0.941486
0.928705
0.93403
0.95418
0.950679
0.952148
0.952602
0.983283
0.975414
0.964277
0.971414
0.937489
0.955235
0.945821
0.93347
0.921037
0.947439
0.936898
0.951548
0.93995
0.937723
0.941646
0.94131
0.941908
0.934146
0.937053
0.925165
0.930832
0.923419
0.9385
0.953868
0.983266
0.98488
0.989242
0.992755
0.985458
0.988733
0.956815
0.967902
0.966805
0.965802
0.965903
0.979153
0.98408
0.977445
0.942983
0.942883
0.94093
0.945565
0.940106
0.940058
0.923885
0.919899
0.953687
0.950458
0.93809
0.937088
0.948391
0.950829
0.940492
0.94121
0.941518
0.940002
0.944902
0.947724
0.942398
0.939105
0.937864
0.93891
0.944756
0.946555
0.931904
0.933346
0.93666
0.93916
0.942899
0.948061
0.929696
0.93318
0.944752
0.949108
0.939509
0.950247
0.949277
0.94916
0.940439
0.93904
0.931662
0.926953
0.924683
0.926848
0.933434
0.942522
0.946914
0.960882
0.984721
0.98734
0.988649
0.98507
0.970582
0.955966
0.970478
0.96487
0.960957
0.957976
0.985564
0.986722
0.987306
0.972124
0.957797
0.971634
0.98559
0.98516
0.98484
0.983498
0.981089
0.969297
0.960568
0.956652
0.939935
0.939312
0.935988
0.934516
0.940225
0.939749
0.935161
0.929408
0.935459
0.937723
0.941498
0.935667
0.927441
0.924203
0.941894
0.938139
0.938666
0.932243
0.917847
0.917564
0.929974
0.928125
0.913288
0.914277
0.951243
0.943476
0.928715
0.920451
0.958533
0.940941
0.916348
0.924394
0.943684
0.946261
0.933106
0.940742
0.931096
0.935156
0.931289
0.932878
0.921452
0.927424
0.83761
0.911894
0.979435
0.973777
0.973032
0.968732
0.973403
0.954997
0.949952
0.953629
0.956965
0.959979
0.95481
0.96157
0.967602
0.971282
0.963746
0.961493
0.9555
0.953834
0.958033
0.960924
0.962788
0.958605
0.952529
0.942624
0.925099
0.923558
0.929856
0.934819
0.94207
0.952103
0.91777
0.916918
0.918919
0.91981
0.925047
0.936754
0.912798
0.916337
0.909457
0.909489
0.906112
0.908673
0.906005
0.909992
0.91302
0.919374
0.91767
0.918382
0.912771
0.914261
0.908073
0.908839
0.930636
0.921046
0.912618
0.91468
0.90602
0.907437
0.90864
0.9073
0.458542
0.51419
0.939344
0.955951
0.555013
0.965614
0.976522
0.985595
0.54937
0.67923
0.538745
0.543516
0.556974
0.549637
0.554246
0.558873
0.531909
0.536325
0.53044
0.535031
0.536061
0.545063
0.708921
0.870562
0.641331
0.675716
0.759632
0.674612
0.499108
0.523305
0.505535
0.479726
0.714839
0.854878
0.728949
0.765263
0.667841
0.751562
0.695016
0.770057
0.607318
0.605547
0.985656
0.804808
0.958729
0.961019
0.952694
0.941507
0.929369
0.947874
0.871868
0.916235
0.957026
0.953678
0.947753
0.954759
0.923496
0.933654
0.952352
0.951451
0.945543
0.949114
0.927735
0.933668
0.952285
0.952337
0.950231
0.952904
0.953582
0.948593
0.954056
0.954805
0.948777
0.94552
0.952129
0.949783
0.941813
0.939994
0.956262
0.969558
0.943352
0.945629
0.980506
0.976865
0.968303
0.969915
0.944475
0.948524
0.959622
0.959043
0.951079
0.953016
0.948454
0.955928
0.934151
0.932308
0.928708
0.903212
0.820357
0.563648
0.55391
0.503969
0.959706
0.961596
0.527541
0.534482
0.73172
0.640469
0.481938
0.52823
0.534127
0.54569
0.526098
0.528155
0.49715
0.500851
0.966142
0.972447
0.694854
0.889042
0.633252
0.709078
0.535976
0.510903
0.706034
0.533919
0.922353
0.680561
0.878102
0.91868
0.5041
0.513528
0.607819
0.585692
0.956907
0.958294
0.47472
0.50636
0.423695
0.387059
0.395441
0.413565
0.388932
0.411116
0.419749
0.411434
0.399422
0.399686
0.408274
0.411822
0.413709
0.445518
0.424894
0.411989
0.430184
0.413373
0.407525
0.383945
0.392882
0.431799
0.449528
0.453427
0.464512
0.502546
0.476114
0.507548
0.521136
0.458289
0.469903
0.423869
0.438833
0.527921
0.500873
0.456444
0.489255
0.452187
0.450808
0.446365
0.445438
0.481908
0.502789
0.442692
0.435846
0.433672
0.430925
0.48815
0.511285
0.453489
0.468494
0.416215
0.424246
0.476338
0.490527
0.428572
0.44042
0.436557
0.427022
0.407133
0.436671
0.378945
0.40633
0.388382
0.411211
0.387252
0.385039
0.385332
0.392085
0.393822
0.387974
0.416376
0.413504
0.431796
0.41421
0.428712
0.424944
0.444282
0.440051
0.517008
0.46384
0.578579
0.518825
0.594705
0.55435
0.505393
0.50504
0.461532
0.497096
0.43809
0.471552
0.427744
0.44197
0.473187
0.478322
0.432643
0.447465
0.419036
0.425787
0.483487
0.495435
0.438198
0.450796
0.489296
0.500673
0.449449
0.459064
0.41096
0.426714
0.461065
0.473275
0.428241
0.433729
0.476571
0.507164
0.458031
0.462324
0.432998
0.445827
0.496439
0.412643
0.457204
0.454956
0.46585
0.475829
0.466632
0.459386
0.475539
0.485213
0.440609
0.478427
0.48604
0.484197
0.47707
0.471618
0.482354
0.488513
0.474139
0.474213
0.47011
0.440704
0.440885
0.421612
0.419865
0.4097
0.416192
0.418905
0.411345
0.425706
0.426229
0.44885
0.410743
0.426603
0.399948
0.406861
0.408956
0.40716
0.403606
0.415846
0.414425
0.423745
0.442409
0.430787
0.45703
0.451504
0.40514
0.400141
0.443674
0.434877
0.395365
0.417855
0.398041
0.393624
0.398841
0.393397
0.407258
0.417118
0.459863
0.463675
0.457372
0.461405
0.439129
0.438782
0.436951
0.447424
0.445372
0.462726
0.403165
0.41371
0.430187
0.430002
0.434119
0.421399
0.440072
0.42294
0.449203
0.435864
0.424345
0.43587
0.426845
0.431806
0.441041
0.442972
0.442129
0.437089
0.409642
0.404468
0.398635
0.40946
0.419631
0.415632
0.454311
0.475419
0.444874
0.435368
0.416419
0.422218
0.396911
0.403599
0.391596
0.39793
0.388467
0.409537
0.442883
0.434924
0.471256
0.477388
0.421228
0.323796
0.463632
0.500839
0.321624
0.395137
0.424239
0.425023
0.499022
0.518854
0.506553
0.49648
0.412448
0.462146
0.437829
0.466188
0.538814
0.477812
0.455992
0.508718
0.507587
0.528671
0.523928
0.519228
0.526692
0.523678
0.516051
0.472822
0.491921
0.498366
0.506427
0.518731
0.491778
0.49152
0.468816
0.430841
0.455932
0.41927
0.430861
0.445036
0.457674
0.429918
0.445584
0.460867
0.464569
0.510039
0.515661
0.523159
0.527973
0.507131
0.517822
0.503463
0.479685
0.529184
0.520994
0.426596
0.368604
0.498553
0.48362
0.519584
0.517675
0.50532
0.496641
0.503975
0.490197
0.3405
0.380098
0.313548
0.346428
0.280527
0.234404
0.490159
0.480379
0.450499
0.43398
0.505353
0.511381
0.519682
0.517335
0.520868
0.519996
0.439563
0.429128
0.504036
0.496294
0.517793
0.509274
0.519156
0.518456
0.394778
0.418737
0.388169
0.365989
0.439535
0.464606
0.408221
0.400618
0.440873
0.4251
0.46745
0.455233
0.457381
0.449624
0.511445
0.469634
0.447253
0.481139
0.428601
0.432631
0.456727
0.447322
0.476745
0.476633
0.502569
0.444479
0.457587
0.48423
0.477742
0.393766
0.492423
0.503474
0.514836
0.510954
0.488392
0.498321
0.50678
0.503965
0.508835
0.500981
0.495351
0.524525
0.537129
0.507581
0.425864
0.457718
0.419719
0.443654
0.50254
0.499949
0.506966
0.482538
0.449492
0.459869
0.499891
0.491192
0.498414
0.488813
0.472471
0.435723
0.497244
0.505168
0.489018
0.493736
0.485606
0.498622
0.334149
0.374641
0.399557
0.366511
0.419417
0.4383
0.449768
0.451168
0.374673
0.387591
0.47465
0.459523
0.488251
0.471066
0.495323
0.48618
0.509183
0.500741
0.511283
0.510495
0.511124
0.49943
0.537045
0.470577
0.345469
0.384493
0.474877
0.451465
0.434481
0.452663
0.509229
0.491652
0.482864
0.459386
0.496274
0.495341
0.506195
0.501767
0.518416
0.511074
0.520926
0.51701
0.516325
0.50859
0.479516
0.484209
0.435303
0.399504
0.257927
0.28196
0.472202
0.421473
0.433329
0.44809
0.472749
0.452182
0.420627
0.431492
0.497233
0.468033
0.530947
0.536221
0.475368
0.463953
0.458956
0.463549
0.508234
0.512271
0.424033
0.428892
0.521922
0.517202
0.529635
0.523878
0.494595
0.500769
0.484764
0.482697
0.525756
0.525975
0.522344
0.511599
0.52039
0.530638
0.533329
0.533721
0.539137
0.536713
0.499498
0.495199
0.407078
0.4658
0.501021
0.504493
0.525102
0.523078
0.473371
0.453419
0.483894
0.471268
0.468988
0.44949
0.524742
0.526847
0.447083
0.437873
0.489718
0.481579
0.51729
0.508379
0.486247
0.493735
0.500493
0.500317
0.51578
0.51752
0.499796
0.489251
0.537291
0.54311
0.54105
0.545763
0.534011
0.528709
0.405177
0.43301
0.455012
0.421118
0.476533
0.500273
0.415836
0.434408
0.46176
0.450966
0.430361
0.454932
0.453883
0.418824
0.485445
0.472562
0.461515
0.444951
0.509704
0.492085
0.469618
0.473594
0.529481
0.479851
0.46545
0.517668
0.478418
0.444443
0.491755
0.480721
0.408444
0.447281
0.221391
0.218356
0.275774
0.260004
0.422555
0.40854
0.449983
0.437176
0.481493
0.478051
0.472628
0.470958
0.416475
0.473092
0.497599
0.48254
0.471303
0.486371
0.459647
0.454017
0.414679
0.432366
0.512855
0.511677
0.519166
0.513939
0.470741
0.455452
0.484288
0.441776
0.452452
0.474966
0.423824
0.442088
0.447292
0.467585
0.490832
0.492898
0.513305
0.52653
0.519956
0.50495
0.513793
0.506207
0.533827
0.533626
0.540467
0.527547
0.467252
0.489362
0.398849
0.397307
0.321071
0.375858
0.456679
0.453327
0.444841
0.449793
0.408764
0.442405
0.379928
0.396187
0.444676
0.44462
0.528009
0.527909
0.529192
0.514148
0.506273
0.503944
0.47798
0.495783
0.453866
0.469833
0.457261
0.473917
0.232829
0.246764
0.493831
0.516677
0.434791
0.449065
0.496794
0.470326
0.506014
0.501855
0.539675
0.518664
0.545961
0.547245
0.538196
0.539928
0.523852
0.530891
0.502049
0.514777
0.496074
0.495253
0.436519
0.433943
0.361079
0.400663
0.459773
0.457957
0.478839
0.465363
0.46645
0.481786
0.435343
0.456149
0.47923
0.479994
0.440789
0.418275
0.421693
0.469131
0.430699
0.438544
0.520175
0.511595
0.543908
0.54505
0.494447
0.497948
0.432933
0.493252
0.953634
0.945985
0.55402
0.93484
0.998774
0.990594
0.62591
0.563282
0.536525
0.52612
0.556601
0.551279
0.546383
0.517958
0.513758
0.50971
0.529672
0.516129
0.546575
0.530512
0.891277
0.674575
0.683667
0.640733
0.680869
0.693066
0.492362
0.465406
0.456534
0.495896
0.719076
0.731235
0.654697
0.775299
0.82507
0.637983
0.776154
0.82296
0.589
0.55336
0.755472
0.87117
0.956285
0.955654
0.911591
0.953283
0.937241
0.92766
0.884483
0.786179
0.952915
0.955063
0.953942
0.926372
0.915697
0.903175
0.948825
0.950853
0.949798
0.942724
0.929945
0.915556
0.951235
0.94865
0.947933
0.945053
0.958432
0.954303
0.951299
0.952532
0.95854
0.957148
0.953517
0.950806
0.95377
0.95845
0.983084
0.973859
0.964377
0.956201
0.976778
0.983174
0.920018
0.930809
0.952558
0.956258
0.94265
0.946889
0.945379
0.945618
0.943486
0.929323
0.910703
0.922737
0.890466
0.905175
0.522968
0.741929
0.606831
0.579566
0.939491
0.940239
0.542959
0.542245
0.551733
0.551486
0.647347
0.578394
0.543197
0.527527
0.533714
0.527897
0.503647
0.527255
0.972078
0.965874
0.955159
0.71037
0.668193
0.63759
0.528149
0.533593
0.535828
0.744922
0.691514
0.853419
0.904194
0.763565
0.605895
0.57706
0.599216
0.574391
0.938391
0.955894
0.447435
0.462427
0.421097
0.395356
0.390178
0.393005
0.415437
0.422987
0.407521
0.395356
0.410354
0.400643
0.405978
0.414509
0.417188
0.42634
0.44214
0.407273
0.399581
0.401818
0.395322
0.387087
0.389328
0.424858
0.425301
0.445501
0.449911
0.457549
0.494459
0.519937
0.502519
0.470765
0.456032
0.437709
0.420533
0.484593
0.482089
0.466847
0.4626
0.446929
0.45582
0.444679
0.443649
0.494326
0.473733
0.451036
0.441173
0.426602
0.423699
0.509681
0.483492
0.466554
0.434586
0.421997
0.416633
0.498498
0.466892
0.443245
0.450919
0.431294
0.428548
0.435185
0.412562
0.414624
0.394935
0.407287
0.388659
0.392056
0.389853
0.390271
0.389454
0.389159
0.398232
0.39978
0.416968
0.409828
0.431327
0.435454
0.430993
0.444424
0.441939
0.46074
0.473602
0.47406
0.505786
0.53595
0.543322
0.508821
0.502588
0.556666
0.496163
0.47704
0.46075
0.464515
0.447751
0.493115
0.480221
0.464952
0.442833
0.438436
0.422907
0.500675
0.482643
0.450347
0.443381
0.50896
0.494239
0.460407
0.449119
0.424848
0.409053
0.4567
0.450404
0.420632
0.424119
0.506241
0.479924
0.474929
0.466572
0.45637
0.440105
0.478478
0.413359
0.436269
0.439185
0.473492
0.465603
0.486293
0.457741
0.473751
0.459908
0.432312
0.472307
0.461796
0.481074
0.461084
0.484613
0.48828
0.467496
0.465026
0.466457
0.436212
0.465523
0.418908
0.440618
0.411009
0.422688
0.425758
0.42501
0.427068
0.414208
0.44554
0.429095
0.432921
0.418813
0.407515
0.402864
0.410112
0.410828
0.419889
0.41068
0.421812
0.419706
0.437526
0.434486
0.434732
0.446271
0.400419
0.410587
0.436434
0.439988
0.415114
0.410343
0.401356
0.400116
0.395068
0.403342
0.423286
0.41422
0.462481
0.449554
0.447011
0.459532
0.431491
0.430691
0.448875
0.435106
0.462436
0.44862
0.433756
0.424408
0.42825
0.42703
0.417622
0.427048
0.419046
0.433297
0.421954
0.438713
0.429088
0.420446
0.428497
0.422771
0.448807
0.440066
0.431862
0.430479
0.411789
0.41113
0.410489
0.406027
0.412113
0.416417
0.46999
0.45319
0.432958
0.438829
0.423342
0.418506
0.404925
0.400026
0.403091
0.403031
0.42421
0.4202
0.446461
0.432526
0.479406
0.469446
0.417132
0.319925
0.439176
0.514695
0.311318
0.419937
0.431929
0.4128
0.49916
0.527745
0.492191
0.494755
0.411002
0.455289
0.469509
0.478048
0.540173
0.466124
0.479859
0.505866
0.509157
0.52316
0.514192
0.519051
0.516971
0.517096
0.519553
0.493076
0.470619
0.527068
0.476269
0.504825
0.51632
0.482171
0.502449
0.471906
0.445057
0.435061
0.424753
0.447335
0.440467
0.420703
0.402702
0.454542
0.455251
0.506213
0.503357
0.520636
0.515606
0.520835
0.517863
0.498215
0.505672
0.518442
0.520347
0.419063
0.487323
0.486682
0.495189
0.520152
0.52086
0.502375
0.503577
0.483065
0.500117
0.320551
0.322557
0.310387
0.279029
0.210493
0.276706
0.484708
0.489222
0.439548
0.45892
0.502017
0.513196
0.507439
0.509046
0.515165
0.516337
0.429738
0.446913
0.479527
0.491701
0.513089
0.520699
0.525069
0.517686
0.437142
0.397373
0.392281
0.393912
0.420939
0.412281
0.405027
0.404814
0.439917
0.46864
0.477696
0.482684
0.458857
0.43797
0.481517
0.516218
0.540288
0.488617
0.428082
0.430505
0.446689
0.447528
0.474609
0.483631
0.438848
0.467625
0.499532
0.437415
0.380353
0.45081
0.504846
0.497689
0.502752
0.508425
0.510187
0.497074
0.513977
0.505515
0.502525
0.491075
0.552348
0.508408
0.510351
0.523277
0.446673
0.420994
0.411264
0.415559
0.5036
0.499624
0.487845
0.486965
0.451132
0.414445
0.505345
0.506979
0.500789
0.503057
0.420085
0.481711
0.504352
0.507162
0.50194
0.496484
0.495537
0.480069
0.399701
0.378739
0.398702
0.417661
0.425096
0.421468
0.435362
0.441806
0.380267
0.389716
0.463647
0.470615
0.484255
0.488629
0.491784
0.499181
0.505824
0.512582
0.512754
0.509569
0.498102
0.51737
0.470797
0.506
0.374878
0.341666
0.453209
0.455654
0.441193
0.441927
0.496222
0.532391
0.454307
0.473782
0.495279
0.513492
0.510776
0.506226
0.506305
0.51622
0.5161
0.516434
0.509714
0.509332
0.48535
0.478851
0.427904
0.41742
0.227187
0.252786
0.407455
0.424149
0.441809
0.429283
0.446743
0.458318
0.408839
0.409364
0.468517
0.497768
0.530272
0.535667
0.46289
0.465499
0.448438
0.439447
0.521855
0.497145
0.421335
0.429853
0.524191
0.525786
0.529441
0.537028
0.503118
0.495706
0.48742
0.483481
0.532315
0.531939
0.524256
0.529468
0.538293
0.535911
0.530795
0.531833
0.543534
0.545665
0.487864
0.501607
0.462843
0.459611
0.511834
0.495785
0.509231
0.533123
0.449143
0.480457
0.480923
0.491766
0.457552
0.472744
0.536127
0.53392
0.435767
0.456175
0.482309
0.49207
0.513109
0.519915
0.488641
0.475187
0.505282
0.516955
0.53235
0.526482
0.488775
0.493885
0.539186
0.53723
0.54413
0.543657
0.533356
0.538041
0.440531
0.416243
0.412507
0.459136
0.444809
0.43688
0.438721
0.448554
0.454997
0.451892
0.452024
0.454155
0.405406
0.460132
0.47541
0.486943
0.469948
0.485989
0.497276
0.506978
0.457789
0.458552
0.469463
0.491507
0.483047
0.447294
0.472806
0.489473
0.464121
0.481119
0.447675
0.402025
0.225363
0.232646
0.291171
0.338316
0.418776
0.437754
0.455052
0.457869
0.473254
0.491715
0.493382
0.469743
0.518234
0.406713
0.493076
0.476775
0.493811
0.472698
0.448162
0.422691
0.415888
0.434564
0.507844
0.5228
0.522788
0.51765
0.446521
0.462046
0.442708
0.452833
0.480704
0.442733
0.473794
0.46677
0.473033
0.46346
0.49886
0.482031
0.524362
0.510345
0.513178
0.524711
0.509608
0.518456
0.541664
0.533846
0.533361
0.534736
0.487525
0.46242
0.39906
0.383238
0.338522
0.316931
0.440903
0.443726
0.442038
0.445171
0.456532
0.418544
0.391062
0.407034
0.461194
0.468302
0.53064
0.520546
0.520528
0.525393
0.506723
0.517553
0.498292
0.481608
0.479709
0.467361
0.506277
0.452134
0.26529
0.247514
0.495141
0.46265
0.438247
0.447055
0.482937
0.468526
0.453614
0.489053
0.514256
0.525339
0.543593
0.542834
0.539725
0.539204
0.539083
0.532695
0.52894
0.514246
0.499323
0.501856
0.409467
0.411431
0.381024
0.383477
0.468051
0.472104
0.46905
0.475293
0.482292
0.45114
0.413702
0.448583
0.478984
0.477444
0.400569
0.429945
0.497021
0.416457
0.463298
0.444056
0.51423
0.522157
0.542629
0.537382
0.499967
0.50114
0.954846
0.957379
0.959438
0.970909
0.906325
0.91403
0.949777
0.956561
0.941896
0.936845
0.874256
0.869558
0.914971
0.903267
0.834284
0.851942
0.848163
0.885234
0.827442
0.837503
0.848241
0.861353
0.839121
0.845762
0.862539
0.874996
0.837891
0.853919
0.878393
0.878649
0.930573
0.935402
0.860274
0.863626
0.911429
0.915147
0.935419
0.922196
0.932393
0.948213
0.960196
0.945745
0.973766
0.980868
0.948614
0.956907
0.97646
0.983327
0.946309
0.952162
0.972406
0.973564
0.894028
0.907674
0.912753
0.896707
0.976406
0.961866
0.939499
0.914803
0.984878
0.983923
0.972871
0.980359
0.990024
0.985076
0.989405
0.984015
0.975205
0.973874
0.931445
0.923585
0.959797
0.943635
0.975336
0.972688
0.988102
0.982638
0.989567
0.989907
0.989331
0.991587
0.97951
0.981809
0.912422
0.900193
0.970788
0.962559
0.980217
0.962921
0.936576
0.965006
0.904404
0.926654
0.914764
0.933252
0.90533
0.921932
0.923898
0.925832
0.924145
0.925473
0.918082
0.904573
0.911146
0.897588
0.969336
0.952441
0.932559
0.925235
0.950526
0.946508
0.937854
0.939289
0.887115
0.893256
0.914119
0.913599
0.873463
0.852633
0.895703
0.878297
0.861582
0.853595
0.87972
0.874583
0.861646
0.853531
0.888533
0.876922
0.854805
0.843556
0.885604
0.8786
0.921786
0.923521
0.862133
0.850888
0.918871
0.901154
0.917261
0.929546
0.950682
0.931667
0.958295
0.972331
0.987198
0.983378
0.953037
0.964516
0.972093
0.971583
0.939926
0.931288
0.972079
0.961362
0.884922
0.877856
0.917326
0.932974
0.969733
0.982101
0.915002
0.948331
0.985095
0.986407
0.982229
0.971111
0.987174
0.984616
0.9814
0.979251
0.970641
0.975301
0.916759
0.922712
0.94399
0.944791
0.966524
0.962221
0.979707
0.975068
0.982629
0.979131
0.982002
0.96675
0.967762
0.967114
0.900293
0.907971
0.966702
0.965666
0.963958
0.975049
0.96086
0.928504
0.918606
0.906315
0.922108
0.911588
0.921572
0.912006
0.937171
0.931059
0.922022
0.917741
0.912675
0.922332
0.898372
0.90389
0.895263
0.851334
0.841543
0.832056
0.842054
0.824786
0.816401
0.83805
0.854508
0.849812
0.826395
0.842274
0.823588
0.82518
0.851725
0.848548
0.819577
0.812787
0.824777
0.822799
0.836933
0.833581
0.848458
0.853087
0.858845
0.853082
0.863825
0.853622
0.892523
0.758023
0.960379
0.867657
0.829572
0.813497
0.896205
0.889419
0.877156
0.909881
0.858721
0.830137
0.850534
0.85346
0.843121
0.840821
0.780783
0.741782
0.821732
0.823427
0.834554
0.824926
0.871533
0.888001
0.78199
0.709815
0.77761
0.756653
0.816359
0.817536
0.806254
0.80147
0.815096
0.808055
0.836298
0.826512
0.839351
0.840267
0.715116
0.725489
0.83439
0.832566
0.81958
0.830014
0.826667
0.827873
0.831061
0.837536
0.849107
0.839252
0.882285
0.862187
0.750801
0.846599
0.705944
0.527941
0.846516
0.848659
0.838834
0.860178
0.853237
0.863279
0.858021
0.869827
0.893717
0.905204
0.916216
0.892435
0.906407
0.874398
0.861037
0.857018
0.859735
0.845098
0.8359
0.834909
0.844142
0.838023
0.83765
0.838136
0.843472
0.836864
0.831976
0.849704
0.832698
0.826826
0.877374
0.804366
0.802839
0.794604
0.837686
0.832197
0.832246
0.838811
0.83189
0.841735
0.839843
0.843254
0.854295
0.84186
0.884245
0.866785
0.902777
0.881782
0.942655
0.918681
0.938066
0.933991
0.921113
0.921025
0.84484
0.811925
0.875438
0.867215
0.842261
0.848308
0.833415
0.816379
0.864663
0.855217
0.820893
0.838874
0.82595
0.830771
0.844506
0.852202
0.801259
0.810023
0.809521
0.799879
0.832381
0.833935
0.845048
0.845684
0.861345
0.844173
0.84319
0.841856
0.813932
0.833424
0.790177
0.862807
0.731935
0.803422
0.842053
0.83898
0.87048
0.845703
0.851362
0.852615
0.84258
0.842822
0.829766
0.840264
0.791622
0.77557
0.813993
0.809527
0.821223
0.823137
0.843461
0.849641
0.792459
0.791148
0.783553
0.794986
0.820386
0.810867
0.817438
0.82186
0.763896
0.764659
0.807508
0.81179
0.816784
0.817023
0.645356
0.47116
0.817449
0.814428
0.80757
0.809321
0.812744
0.812907
0.819857
0.831474
0.84386
0.852394
0.884018
0.873239
0.829884
0.800681
0.800772
0.73926
0.836102
0.825115
0.862527
0.84363
0.880306
0.855719
0.893437
0.881115
0.908707
0.904865
0.900077
0.922376
0.872893
0.899792
0.842541
0.863369
0.837457
0.830824
0.815249
0.825147
0.824869
0.817811
0.819971
0.830168
0.819587
0.825677
0.848047
0.827508
0.826978
0.837209
0.816597
0.858355
0.720407
0.802883
0.84116
0.843377
0.835662
0.843857
0.837625
0.842177
0.830215
0.837448
0.828347
0.850224
0.852269
0.869572
0.868765
0.902248
0.917612
0.944825
0.945647
0.942711
0.91712
0.921792
0.846028
0.893698
0.889848
0.888259
0.86269
0.866286
0.819164
0.769138
0.901545
0.777069
0.808822
0.783158
0.540832
0.489446
0.519228
0.466952
0.26741
0.417793
0.440241
0.585907
0.555356
0.532353
0.524454
0.197673
0.416363
0.25616
0.277553
0.549332
0.635863
0.8109
0.466709
0.490885
0.79601
0.52284
0.856435
0.596015
0.796082
0.785033
0.827049
0.776402
0.835594
0.75367
0.801329
0.799451
0.521422
0.48751
0.489126
0.443429
0.300986
0.411341
0.421145
0.503244
0.568448
0.539708
0.534162
0.170915
0.329553
0.258061
0.279721
0.568769
0.706581
0.836439
0.477179
0.532429
0.823622
0.498304
0.806074
0.589118
0.815135
0.810303
0.429714
0.457177
0.520693
0.468191
0.453953
0.41601
0.433721
0.726205
0.326108
0
0.111774
0.482602
0.336535
0.412472
0.475518
0.308023
0.344194
0.409043
0.435174
0.50802
0.715173
0.182535
0.136776
0.130702
0.333662
0.26256
0.403876
0.342832
0.142885
0.113529
0.186466
0.0846039
0.285357
0.294426
0.272708
0.325113
0.109765
0.239211
0.269072
0.319249
0.447668
0.42134
0.411458
0.382164
0.138362
0.108648
0.174849
0.156369
0.288608
0.307035
0.264217
0.335184
0.0765323
0.220601
0.260624
0.329896
0.422693
0.388838
0.508701
0.575225
0.643423
0.611923
0.591428
0.5464
0.512853
0.460693
0.467522
0.348493
0.504806
0.647008
0.653598
0.580953
0.614781
0.646437
0.564725
0.536706
0.508025
0.357161
0.429283
0.415234
0.409888
0.435034
0.460469
0.53313
0.500049
0.523502
0.480198
0.511856
0.461716
0.430477
0.414078
0.432787
0.393048
0.399051
0.431987
0.441037
0.508412
0.470516
0.492424
0.467951
0.446062
0.676911
0.821697
0.803212
0.835478
0.855346
0.784606
0.723416
0.776387
0.799122
0.811096
0.778541
0.743148
0.765047
0.789356
0.763449
0.840383
0.841347
0.558542
0.50842
0.847894
0.852284
0.82042
0.801661
0.831143
0.851632
0.853204
0.841303
0.83682
0.841378
0.801411
0.810831
0.802667
0.796029
0.815953
0.810849
0.759089
0.768475
0.785414
0.76238
0.706403
0.69113
0.797583
0.798303
0.693634
0.718754
0.797602
0.773942
0.843057
0.858797
0.878212
0.845432
0.696529
0.689181
0.874736
0.849593
0.870486
0.841393
0.852622
0.861545
0.750925
0.739093
0.739393
0.826436
0.745671
0.796086
0.653156
0.392197
0.880282
0.844231
0.593568
0.68264
0.763608
0.720882
0.821638
0.804698
0.773611
0.770474
0.820651
0.79662
0.807464
0.779409
0.817051
0.672678
0.794337
0.799866
0.781808
0.787536
0.152803
0.344105
0.0622164
0.211873
0.168121
0.232806
0.11278
0.205086
0.113093
0.149152
0.0465406
0.0513646
0.287515
0.192508
0.34814
0.242833
0.141815
0.0919219
0.130522
0.187739
0.850785
0.83324
0.435425
0.437218
0.78596
0.788918
0.788214
0.812171
0.798367
0.793012
0.615609
0.583849
0.542818
0.554242
0.433293
0.443197
0.444566
0.45679
0.451273
0.470845
0.48066
0.501186
0.490492
0.494937
0.516399
0.526819
0.515713
0.513826
0.537559
0.538321
0.483627
0.488699
0.579046
0.730519
0.0881246
0.112824
0.726324
0.543753
0.526905
0.617895
0.629928
0.550851
0.839266
0.790979
0.529458
0.559582
0.799741
0.807712
0.60408
0.609689
0.824463
0.826772
0.56739
0.585822
0.803896
0.622863
0.579561
0.342026
0.59133
0.589255
0.484751
0.497506
0.332113
0.285098
0.443312
0.358908
0.106859
0.126817
0.249225
0.148449
0.350366
0.568493
0.509652
0.519989
0.523756
0.549448
0.551708
0.562103
0.495175
0.506645
0.531188
0.54224
0.500452
0.514809
0.545399
0.524925
0.554938
0.584392
0.569042
0.5812
0.531082
0.53266
0.497729
0.507732
0.543589
0.542541
0.509504
0.511569
0.518201
0.518907
0.497168
0.496873
0.530801
0.520836
0.46395
0.484062
0.477903
0.416481
0.506411
0.49684
0.421959
0.144568
0.461297
0.481197
0.450656
0.469683
0.480168
0.500906
0.565134
0.490724
0.427285
0.394173
0.507488
0.522369
0.558534
0.548046
0.580977
0.589489
0.500921
0.296892
0.449196
0.357961
0.49463
0.509229
0.535149
0.546139
0.584307
0.49899
0.561354
0.158419
0.821265
0.82062
0.79211
0.774469
0.822634
0.825911
0.80369
0.812599
0.747824
0.735513
0.685127
0.610916
0.333061
0.295105
0.566401
0.389892
0.555689
0.510274
0.468683
0.530157
0.444314
0.463478
0.452833
0.438332
0.415155
0.43658
0.443125
0.447047
0.464805
0.461082
0.699761
0.747375
0.789073
0.766279
0.779718
0.768932
0.734677
0.751982
0.745954
0.783334
0.335519
0.269436
0.374748
0.279287
0.249957
0.353225
0.282035
0.361283
0.308131
0.373482
0.454996
0.291185
0.801296
0.394201
0.798837
0.73551
0.261129
0.254331
0.645222
0.447831
0.712155
0.785637
0.799956
0.823588
0.771053
0.722562
0.575079
0.563302
0.66298
0.724918
0.62478
0.562834
0.743796
0.773793
0.527629
0.52939
0.498787
0.513058
0.578078
0.544722
0.80176
0.779754
0.7462
0.694344
0.734564
0.75513
0.748751
0.801092
0.725238
0.714925
0.512179
0.611654
0.545064
0.547751
0.712851
0.611539
0.530669
0.564592
0.742624
0.754773
0.528716
0.537187
0.62787
0.731337
0.781789
0.768407
0.567281
0.554965
0.534566
0.542605
0.546699
0.562625
0.502374
0.500928
0.511033
0.533086
0.480575
0.512859
0.513268
0.535821
0.797153
0.803543
0.726565
0.704737
0.641342
0.693219
0.480241
0.483497
0.449968
0.466214
0.457529
0.477289
0.482476
0.49714
0.777378
0.586821
0.423771
0.426133
0.40539
0.392573
0.814074
0.779318
0.535814
0.516365
0.820772
0.628596
0.700254
0.0668762
0.425371
0.127212
0.411514
0.396245
0.796547
0.637252
0.837343
0.835076
0.191985
0.174896
0.166405
0.447379
0.826505
0.817882
0.692118
0.796039
0.177318
0.198107
0.217462
0.157047
0.120417
0.1144
0.220545
0.219845
0.247317
0.269713
0.143457
0.21725
0.122701
0.122333
0.241842
0.233582
0.252812
0.23111
0.25239
0.247448
0.249024
0.244673
0.292692
0.278132
0.25875
0.25162
0.318531
0.32294
0.284759
0.26937
0.348887
0.33742
0.48797
0.425312
0.430558
0.439375
0.353378
0.0847494
0.414423
0.413327
0.315621
0.367633
0.220418
0.255351
0.351587
0.298725
0.344087
0.292391
0.198488
0.242549
0.269954
0.279864
0.235481
0.21354
0.390012
0.387618
0.291172
0.28236
0.343028
0.372569
0.326127
0.337946
0.224784
0.198158
0.289195
0.237708
0.215357
0.142909
0.268691
0.284846
0.294681
0.200622
0.189827
0.195476
0.260134
0.248823
0.286584
0.26502
0.181068
0.148073
0.172601
0.127073
0.26047
0.25678
0.179952
0.145644
0.331492
0.238783
0.328239
0.298404
0.345771
0.330778
0.404446
0.372498
0.268429
0.271235
0.295414
0.284378
0.32698
0.312329
0.369418
0.355258
0.31979
0.33233
0.366438
0.372052
0.507392
0.670125
0.493109
0.584731
0.443245
0.463486
0.791669
0.796254
0.784301
0.722992
0.783093
0.775867
0.829404
0.813994
0.711018
0.671665
0.428821
0.610548
0.544758
0.559218
0.599251
0.584575
0.565322
0.56544
0.58683
0.660933
0.793248
0.812041
0.750533
0.769206
0.771734
0.788125
0.763093
0.782126
0.221148
0.21184
0.247781
0.299026
0.475116
0.544204
0.706744
0.719578
0.731691
0.743401
0.737598
0.729222
0.900723
0.927183
0.523822
0.675052
0.778219
0.777274
0.803338
0.843973
0.584388
0.398995
0.69158
0.655068
0.562309
0.561406
0.771793
0.778479
0.733505
0.71378
0.617266
0.586926
0.836295
0.835698
0.842159
0.821397
0.846422
0.772864
0.802509
0.785893
0.771088
0.781151
0.744984
0.726721
0.748336
0.741034
0.797861
0.792293
0.800497
0.799243
0.478759
0.488804
0.547622
0.550784
0.579012
0.583936
0.817073
0.776149
0.548716
0.522855
0.622388
0.601049
0.605133
0.559385
0.446432
0.459481
0.477103
0.485392
0.798717
0.803641
0.861091
0.867062
0.860061
0.86386
0.855154
0.811916
0.851287
0.776664
0.825771
0.824642
0.817978
0.760212
0.834852
0.661324
0.718799
0.460731
0.80206
0.813735
0.831268
0.838582
0.861655
0.85032
0.642182
0.627666
0.603397
0.600302
0.826088
0.808989
0.641259
0.72509
0.854231
0.730899
0.782556
0.819898
0.493739
0.544062
0.109714
0.518612
0.819385
0.808701
0.803833
0.795727
0.762236
0.655722
0.647155
0.614952
0.78244
0.603629
0.663504
0.759748
0.761443
0.763824
0.73816
0.750885
0.882
0.908399
0.730417
0.728102
0.758032
0.726275
0.778882
0.752428
0.858019
0.821304
0.74277
0.764521
0.794065
0.782055
0.797265
0.798873
0.772565
0.761798
0.744892
0.752018
0.454129
0.579683
0.738539
0.628211
0.193387
0.257242
0.153904
0.232163
0.191047
0.175372
0.294407
0.238615
0.324418
0.311077
0.393744
0.410713
0.536461
0.502234
0.611644
0.600066
0.573031
0.584043
0.434085
0.533106
0.220395
0.2129
0.235792
0.226501
0.418745
0.421615
0.407013
0.407591
0.493267
0.454825
0.486621
0.470586
0.508608
0.462181
0.431204
0.454347
0.426817
0.405639
0.387963
0.39251
0.407089
0.389201
0.501947
0.490263
0.442875
0.50379
0.823358
0.488629
0.81824
0.805559
0.838521
0.818684
0.777898
0.836615
0.825767
0.738052
0.854502
0.82492
0.838857
0.793867
0.838068
0.805451
0.830954
0.829543
0.772053
0.761954
0.847339
0.844737
0.833512
0.831498
0.853079
0.848918
0.84736
0.850911
0.835341
0.83918
0.838236
0.832228
0.832088
0.841282
0.83453
0.805938
0.840512
0.845636
0.827653
0.812789
0.671679
0.680062
0.828358
0.80952
0.73121
0.687548
0.807908
0.83045
0.83304
0.828216
0.751055
0.818083
0.843322
0.660315
0.857372
0.863802
0.857651
0.844255
0.852967
0.854322
0.81196
0.782974
0.817795
0.796371
0.795088
0.758726
0.351453
0.589389
0.726072
0.812143
0.843547
0.639088
0.690585
0.683755
0.708258
0.516021
0.789506
0.786129
0.780317
0.804576
0.77969
0.821207
0.758396
0.795906
0.815394
0.586006
0.774592
0.798672
0.158305
0.125892
0.0672587
0.0658249
0.244358
0.138193
0.133304
0.0770608
0.0571326
0.00531593
0.0221471
0.149772
0.16206
0.0947178
0.260029
0.323347
0.174151
0.148058
0.318812
0.16537
0.846328
0.814612
0.436459
0.431957
0.778374
0.776602
0.839125
0.79607
0.83473
0.854806
0.586719
0.60749
0.566087
0.550875
0.437194
0.426814
0.455944
0.445488
0.466113
0.453109
0.49564
0.477268
0.498257
0.487294
0.533334
0.515402
0.531948
0.522023
0.573393
0.557548
0.502536
0.482732
0.768695
0.505537
0.114066
0.683451
0.45642
0.630099
0.6087
0.589981
0.549114
0.585293
0.815032
0.806869
0.555125
0.558225
0.828848
0.821279
0.598936
0.575671
0.804019
0.806159
0.584532
0.562683
0.600309
0.606598
0.399351
0.54949
0.577938
0.586438
0.528678
0.48908
0.275034
0.331338
0.377942
0.448889
0.143709
0.119594
0.103018
0.309783
0.680212
0.10609
0.513117
0.499564
0.545938
0.5383
0.55659
0.542483
0.493206
0.475272
0.539518
0.528743
0.517489
0.497226
0.431909
0.555862
0.595424
0.566069
0.576759
0.563173
0.502722
0.497007
0.489165
0.480641
0.507198
0.498586
0.51087
0.498585
0.514737
0.491908
0.473089
0.462281
0.514265
0.502711
0.503009
0.469186
0.424505
0.482329
0.506359
0.50948
0.318105
0.512667
0.467445
0.452616
0.453896
0.439083
0.473439
0.45396
0.488662
0.588352
0.295806
0.32256
0.523812
0.504824
0.549664
0.558483
0.466646
0.549437
0.4019
0.566094
0.302567
0.377489
0.504883
0.477241
0.551836
0.537018
0.5815
0.574692
0.173544
0.494945
0.820655
0.838267
0.810251
0.808459
0.821165
0.8142
0.801158
0.805205
0.767819
0.751935
0.607004
0.629845
0.331674
0.38152
0.418606
0.594195
0.555251
0.582235
0.628151
0.431831
0.441481
0.429869
0.419077
0.437392
0.425682
0.407778
0.45489
0.442524
0.456913
0.453733
0.81816
0.789118
0.815325
0.811526
0.758845
0.773834
0.839702
0.827673
0.805205
0.649045
0.220896
0.0946937
0.270813
0.380451
0.28338
0.205557
0.283484
0.182759
0.369519
0.169471
0.293041
0.463053
0.37017
0.622567
0.677711
0.745327
0.349538
0.254849
0.421263
0.782169
0.69555
0.387287
0.827611
0.837942
0.775107
0.806271
0.586923
0.584779
0.755529
0.688859
0.547726
0.610084
0.786827
0.620607
0.523264
0.533789
0.501544
0.510195
0.523268
0.537824
0.776931
0.791208
0.566778
0.58041
0.746623
0.744012
0.82518
0.828895
0.667765
0.659249
0.591498
0.521383
0.559677
0.546948
0.641138
0.695907
0.564444
0.506213
0.795169
0.759167
0.541424
0.522584
0.608819
0.438716
0.82285
0.815653
0.580074
0.574868
0.541068
0.525462
0.555462
0.543612
0.509794
0.506833
0.529731
0.51533
0.50949
0.497745
0.519437
0.500866
0.828106
0.819604
0.665329
0.662179
0.694753
0.662598
0.484571
0.479431
0.463506
0.45021
0.48132
0.470782
0.485033
0.477021
0.646394
0.598798
0.427318
0.446965
0.416663
0.403213
0.635479
0.566554
0.38562
0.494605
0.514612
0.707139
0.11699
0.145613
0.418824
0.662055
0.386324
0.401449
0.753836
0.805814
0.824132
0.827104
0.149695
0.159714
0.449697
0.144636
0.790497
0.819927
0.829244
0.689076
0.204823
0.164751
0.174793
0.219203
0.106273
0.0774518
0.230288
0.222328
0.291676
0.218942
0.0900996
0.16902
0.106142
0.140237
0.25033
0.245557
0.240089
0.267888
0.246275
0.252638
0.256895
0.253065
0.276581
0.286382
0.255074
0.256718
0.307837
0.315516
0.270877
0.282755
0.330674
0.354796
0.388552
0.4372
0.400712
0.444863
0.288363
0.33557
0.357719
0.387742
0.307945
0.29477
0.307661
0.259246
0.277401
0.335322
0.258964
0.304468
0.248351
0.227334
0.31798
0.320781
0.255643
0.255705
0.378048
0.365424
0.280454
0.292991
0.390565
0.389975
0.358839
0.36715
0.203217
0.237212
0.260733
0.289911
0.200057
0.222521
0.314991
0.285413
0.241208
0.284872
0.177514
0.200443
0.268505
0.262423
0.314321
0.305206
0.200148
0.190186
0.116427
0.146192
0.262313
0.270349
0.263062
0.321416
0.249723
0.367549
0.312465
0.319209
0.331129
0.345354
0.367748
0.433032
0.269798
0.283986
0.298871
0.306219
0.31275
0.331998
0.401683
0.3856
0.322215
0.357668
0.432677
0.422752
0.767563
0.551678
0.727086
0.769541
0.467967
0.434916
0.807883
0.816097
0.747421
0.79783
0.790158
0.790811
0.81415
0.826287
0.6848
0.683594
0.617689
0.627562
0.585551
0.571688
0.625939
0.597366
0.583663
0.571164
0.796409
0.682761
0.813112
0.809989
0.822787
0.68702
0.818378
0.621616
0.845427
0.772499
0.171964
0.241402
0.358212
0.291087
0.649987
0.555769
0.717538
0.683804
0.760898
0.747455
0.728671
0.65334
0.835637
0.837144
0.782126
0.568144
0.814159
0.812609
0.851401
0.831955
0.638109
0.7972
0.654401
0.701429
0.563476
0.559781
0.814991
0.817743
0.746862
0.656788
0.594713
0.605986
0.835312
0.841256
0.853117
0.844402
0.842332
0.855261
0.799329
0.812223
0.822692
0.810319
0.651529
0.78224
0.698236
0.7127
0.812002
0.826008
0.815004
0.831372
0.502082
0.49615
0.614223
0.625007
0.600658
0.560303
0.748843
0.796118
0.533716
0.512621
0.6042
0.561779
0.540875
0.600269
0.476872
0.461173
0.495059
0.491675
0.805865
0.814786
0.824782
0.834435
0.831298
0.829787
0.784512
0.827415
0.836749
0.827044
0.840575
0.847703
0.759133
0.796911
0.838032
0.822725
0.475322
0.699431
0.821408
0.788673
0.83366
0.832452
0.846076
0.847273
0.755596
0.764398
0.710904
0.736675
0.747235
0.775358
0.852632
0.795113
0.846823
0.81763
0.811016
0.790906
0.563319
0.503344
0.719856
0.676854
0.812729
0.807568
0.794318
0.788691
0.738342
0.727996
0.582187
0.640578
0.65056
0.738326
0.74917
0.818796
0.847443
0.78618
0.774475
0.773766
0.83883
0.835586
0.663534
0.668196
0.672485
0.770702
0.766019
0.793422
0.835358
0.835256
0.746468
0.682604
0.772985
0.796843
0.808045
0.810437
0.818585
0.818436
0.815602
0.821783
0.654352
0.486764
0.631039
0.708957
0.263074
0.199373
0.157697
0.151738
0.170206
0.196945
0.260272
0.308392
0.314107
0.313095
0.322689
0.395948
0.490979
0.498978
0.599229
0.584588
0.56178
0.577574
0.545336
0.47707
0.402678
0.311011
0.281854
0.274669
0.466336
0.442183
0.388834
0.40274
0.387846
0.412119
0.270557
0.274557
0.395927
0.411654
0.155525
0.182289
0.342026
0.307415
0.437395
0.421708
0.429064
0.441817
0.457103
0.47383
0.157259
0.204725
0.270612
0.261888
0.278741
0.252818
0.304071
0.292075
0.323042
0.31664
0.349368
0.335108
0.496169
0.509181
0.419385
0.484072
0.523088
0.533515
0.448599
0.500774
0.548206
0.572727
0.466098
0.554112
0.603994
0.647314
0.317638
0.363448
0.51938
0.604239
0.262306
0.175105
0.380089
0.271082
0.111456
0.103122
0.344239
0.335974
0.390233
0.270137
0.441209
0.453488
0.415197
0.37957
0.687114
0.670064
0.495417
0.468432
0.395597
0.399202
0.761761
0.668099
0.478012
0.449356
0.390494
0.381314
0.384099
0.354939
0.697468
0.731339
0.406311
0.354599
0.589453
0.532625
0.178434
0.224713
0.433045
0.428478
0.700962
0.713774
0.590165
0.666153
0.277883
0.218167
0.219199
0.219064
0.249244
0.22816
0.28981
0.272281
0.230175
0.205501
0.333325
0.321158
0.300465
0.267644
0.331032
0.321317
0.229591
0.156696
0.313574
0.22831
0.0276364
0.0930501
0.24899
0.22513
0.113771
0.0597417
0.101417
0.146212
0.248645
0.197336
0.359523
0.364138
0.344105
0.350335
0.22201
0.266642
0.320906
0.34792
0.215184
0.238732
0.379632
0.336279
0.357077
0.249413
0.281901
0.260423
0.219673
0.242015
0.335261
0.26689
0.224672
0.156272
0.284437
0.188894
0.256528
0.16002
0.0544768
0.0903034
0.0963511
0.111173
0.107328
0.17808
0.0849931
0.1029
0.0593146
0.0411828
0.0826469
0.0551823
0.329451
0.286228
0.318562
0.277571
0.214388
0.147193
0.321576
0.198402
0.177906
0.154736
0.110588
0.116207
0.314883
0.263047
0.163386
0.227228
0.120752
0.135356
0.294081
0.244049
0.233329
0.13997
0.213627
0.238492
0.236182
0.190429
0.178026
0.113711
0.259212
0.139151
0.0669618
0.100694
0.0901765
0.116737
0.399579
0.420622
0.256566
0.2356
0.448111
0.43281
0.406868
0.394437
0.400813
0.384515
0.364807
0.1986
0.416157
0.40958
0.193148
0.214597
0.24754
0.276312
0.431919
0.4366
0.444447
0.417972
0.479211
0.453842
0.216606
0.2221
0.276171
0.278912
0.272013
0.265183
0.309892
0.313461
0.314837
0.29785
0.25126
0.301758
0.506811
0.500284
0.514257
0.419559
0.537263
0.52936
0.540459
0.46773
0.578234
0.560383
0.554224
0.486443
0.650584
0.625529
0.340763
0.320813
0.62031
0.512627
0.168605
0.243464
0.257272
0.474287
0.112375
0.115518
0.329488
0.379748
0.318897
0.354168
0.42796
0.469121
0.39576
0.406917
0.664924
0.599351
0.445131
0.465361
0.419459
0.395048
0.590586
0.705605
0.463185
0.494292
0.388303
0.403938
0.36101
0.355176
0.733446
0.660685
0.387807
0.416156
0.479279
0.484989
0.219199
0.19743
0.364128
0.424538
0.714693
0.694536
0.689003
0.595991
0.198217
0.249786
0.217583
0.215732
0.229677
0.251888
0.276914
0.295873
0.213336
0.198579
0.324819
0.339068
0.267195
0.268346
0.326909
0.339737
0.145586
0.224457
0.219924
0.256416
0.0876682
0.054009
0.247762
0.204912
0.0245439
0.110251
0.134384
0.1042
0.241099
0.214174
0.413587
0.349188
0.372047
0.387602
0.271803
0.202581
0.327731
0.327532
0.230064
0.308882
0.340173
0.365915
0.045763
0.252227
0.293178
0.266275
0.277886
0.238356
0.296441
0.292822
0.277585
0.215527
0.314418
0.303153
0.234031
0.266171
0.0382413
0.0848971
0.0900665
0.063025
0.122817
0.0556832
0.060736
0.0831121
0.0384063
0.0577905
0.0247012
0.0557677
0.322572
0.35611
0.316649
0.318202
0.139222
0.225757
0.246298
0.219188
0.13879
0.1983
0.1102
0.119091
0.261253
0.271226
0.208826
0.198019
0.163166
0.136515
0.235399
0.246103
0.125987
0.206408
0.279859
0.20849
0.20864
0.179812
0.0559987
0.17479
0.0952035
0.167513
0.0975676
0.0528544
0.116117
0.0955383
0.405765
0.411281
0.239607
0.30285
0.424494
0.428239
0.413788
0.427916
0.397545
0.379896
0.369371
0.393343
0.407883
0.410577
0.398021
0.404721
0.394772
0.403024
0.372747
0.402644
0.383724
0.388562
0.414296
0.436174
0.426106
0.410527
0.3541
0.369423
0.330153
0.306615
0.442763
0.452209
0.402454
0.377499
0.408507
0.410884
0.451804
0.417522
0.400519
0.400064
0.408983
0.409209
0.399481
0.394993
0.400604
0.408693
0.411799
0.410759
0.422266
0.42154
0.482969
0.47716
0.314663
0.336312
0.367692
0.42091
0.232771
0.285754
0.408041
0.445989
0.331084
0.284335
0.50228
0.47125
0.16726
0.172992
0.244792
0.309732
0.0548904
0.0686009
0.173718
0.101467
0.0555728
0.045451
0.0182824
0.0353913
0.0443701
0.0493104
0.0632024
0.0403159
0.362789
0.368765
0.0332027
0.0438365
0.387477
0.33363
0.13402
0.0873864
0.416643
0.397413
0.284467
0.235484
0.396174
0.357743
0.15858
0.239018
0.0931157
0.158336
0.300483
0.212868
0.0704428
0.183522
0.256839
0.251316
0.422225
0.410474
0.370868
0.33264
0.512611
0.404881
0.335144
0.363165
0.406118
0.371216
0.411533
0.391802
0.412356
0.403777
0.448003
0.423458
0.411718
0.389727
0.415201
0.41458
0.378521
0.406184
0.37556
0.372009
0.390546
0.389194
0.401183
0.402241
0.405873
0.386998
0.401904
0.382893
0.396185
0.400313
0.403638
0.426967
0.42952
0.449127
0.398157
0.392054
0.376904
0.358195
0.42867
0.423324
0.404744
0.416192
0.406845
0.410384
0.423506
0.414046
0.403563
0.418305
0.41692
0.42129
0.387883
0.402862
0.404046
0.400622
0.407803
0.411565
0.414449
0.414739
0.436522
0.429337
0.366555
0.335252
0.336476
0.331065
0.261673
0.208003
0.373133
0.36644
0.260652
0.328321
0.367287
0.385435
0.142401
0.12454
0.324223
0.229744
0.0606753
0.057271
0.0804762
0.170406
0.0370306
0.081271
0.0942178
0.0506212
0.131679
0.0797123
0.024037
0.0500684
0.404721
0.37047
0.0256674
0.0490866
0.329037
0.371894
0.175573
0.164033
0.417617
0.379984
0.224669
0.281341
0.328908
0.374479
0.260646
0.168363
0.124857
0.0995726
0.172942
0.268428
0.113892
0.0938151
0.326349
0.285553
0.381181
0.384932
0.325483
0.370907
0.375525
0.40441
0.371027
0.345914
0.381309
0.384374
0.379406
0.378182
0.40288
0.419542
0.401357
0.378749
0.502526
0.735777
0.194224
0.166625
0.089253
0.102696
0.126839
0.122976
0.171414
0.481542
0.426073
0.15197
0.141345
0.656633
0.410403
0.382851
0.376946
0.418383
0.426318
0.274792
0.274796
0.166454
0.136861
0.412121
0.465465
0.141889
0.28017
0.445435
0.467346
0.365041
0.384532
0.325957
0.353673
0.294458
0.361789
0.213677
0.285707
0.249587
0.261004
0.0608141
0.111193
0.182644
0.240935
0.169071
0.166387
0.0386724
0.0479691
0.102354
0.169839
0.197827
0.171306
0.156533
0.110921
0.0395932
0.100858
0.32145
0.234524
0.206697
0.188727
0.18287
0.175477
0.227287
0.288539
0.346142
0.367659
0.431342
0.437273
0.228647
0.154882
0.149535
0.145145
0.129012
0.082897
0.176997
0.154474
0.0411441
0.0694865
0.170573
0.119057
0.448142
0.550405
0.423044
0.438137
0.460301
0.455158
0.427277
0.569407
0.75605
0.498597
0.314978
0.424458
0.52197
0.548274
0.307557
0.62947
0.340346
0.0431662
0.423024
0.328396
0.11909
0.134267
0.0935666
0.114813
0.0388802
0.0497503
0.154924
0.169535
0.205371
0.216149
0.0694422
0.137982
0.125853
0.0879807
0.20484
0.11677
0.734067
0.846281
0.436011
0.474661
0.800307
0.733078
0.507567
0.732646
0.503275
0.496364
0.575854
0.731008
0.513934
0.534404
0.611981
0.456287
0.562935
0.776126
0.750609
0.760177
0.789799
0.778425
0.710086
0.740696
0.751053
0.394413
0.259886
0.299444
0.172712
0.190524
0.109249
0.176042
0.111512
0.146141
0.0958752
0.0861827
0.0505823
0.100862
0.0786458
0.150833
0.113397
0.156912
0.076563
0.167181
0.477094
0.525695
0.356936
0.468838
0.353745
0.319982
0.251933
0.262104
0.137306
0.171329
0.138878
0.137952
0.166698
0.148717
0.150552
0.134505
0.174119
0.201236
0.13222
0.121367
0.27232
0.230995
0.342829
0.264733
0.193886
0.226237
0.382633
0.30817
0.495564
0.425718
0.574831
0.629533
0.152275
0.188108
0.154343
0.16183
0.159205
0.219251
0.238817
0.261569
0.306585
0.304397
0.297259
0.366015
0.206869
0.257823
0.724128
0.490031
0.147681
0.145715
0.1549
0.156465
0.211721
0.197351
0.359776
0.312437
0.195693
0.221378
0.20344
0.245896
0.323897
0.323435
0.440517
0.762872
0.172257
0.149046
0.0702811
0.0937162
0.133372
0.113369
0.158427
0.488211
0.432918
0.166769
0.136619
0.54344
0.461752
0.630125
0.458198
0.438388
0.426154
0.236221
0.228689
0.138429
0.108573
0.694387
0.510651
0.282306
0.192854
0.449098
0.457875
0.384587
0.337146
0.386478
0.339658
0.365418
0.286183
0.230778
0.229325
0.261638
0.244855
0.14259
0.135363
0.205251
0.223198
0.174746
0.193388
0.0331189
0.00991707
0.188125
0.0975827
0.107041
0.171867
0.0855195
0.14701
0.0568539
0.0396775
0.169029
0.413732
0.171093
0.199093
0.182378
0.17928
0.283627
0.28281
0.363151
0.345646
0.439886
0.408768
0.169907
0.243861
0.198147
0.204298
0.0642261
0.127726
0.140015
0.186976
0.0480517
0.048891
0.131197
0.165776
0.579387
0.554588
0.527609
0.430875
0.45982
0.436778
0.528395
0.44418
0.0470341
0.734707
0.362175
0.279718
0.593544
0.598823
0.366561
0.455485
0.522324
0.22745
0.241919
0.285389
0.138063
0.12283
0.08502
0.0742026
0.0273185
0.0470952
0.137435
0.119195
0.210826
0.22666
0.0290601
0.0628981
0.0790895
0.0643722
0.0567206
0.0807851
0.802445
0.784735
0.387539
0.355254
0.729359
0.769905
0.711876
0.722393
0.479973
0.656033
0.62434
0.534056
0.520821
0.515585
0.595298
0.568143
0.788641
0.627361
0.755195
0.768297
0.783773
0.794254
0.63644
0.750359
0.394451
0.683018
0.191615
0.222537
0.167441
0.150386
0.111349
0.125232
0.110082
0.0697648
0.0388186
0.0749833
0.0876386
0.0809365
0.119427
0.0813804
0.125824
0.104845
0.700377
0.500125
0.262117
0.263477
0.396126
0.345455
0.357585
0.361833
0.261288
0.196881
0.153047
0.195735
0.155309
0.146931
0.123224
0.153884
0.135891
0.137338
0.209531
0.177714
0.202391
0.127715
0.233813
0.27364
0.217575
0.314713
0.15746
0.189759
0.305551
0.349531
0.370295
0.395101
0.512728
0.584488
0.191519
0.182979
0.169864
0.161033
0.160217
0.156016
0.151875
0.224349
0.309653
0.334936
0.379431
0.34859
0.238762
0.216003
0.502139
0.582763
0.149779
0.160584
0.161405
0.164622
0.227875
0.251672
0.290652
0.291741
0.158103
0.140082
0.24418
0.152604
0.326931
0.298484
0.922843
0.935815
0.938765
0.532348
0.931958
0.941606
0.939387
0.942477
0.93644
0.9377
0.932602
0.549108
0.946618
0.801464
0.739799
0.915623
0.928137
0.933787
0.601986
0.59076
0.66874
0.675357
0.669301
0.697405
0.614072
0.644168
0.628625
0.808385
0.605702
0.631051
0.75156
0.772026
0.541991
0.601755
0.560613
0.56028
0.541129
0.573726
0.556865
0.550472
0.905984
0.907149
0.797071
0.840425
0.640457
0.652118
0.469408
0.568874
0.566613
0.576938
0.525891
0.542665
0.596248
0.585514
0.550884
0.557708
0.612149
0.643208
0.595521
0.56672
0.584664
0.576049
0.725363
0.684503
0.607855
0.591476
0.851434
0.858264
0.801748
0.625322
0.69596
0.61519
0.884336
0.866753
0.678272
0.810203
0.843099
0.858445
0.694306
0.820799
0.913574
0.914636
0.937087
0.934215
0.94124
0.9362
0.933953
0.928672
0.920317
0.956306
0.613398
0.641695
0.527621
0.535396
0.937645
0.93829
0.932512
0.937001
0.958601
0.939611
0.513429
0.510455
0.495812
0.501751
0.526156
0.519522
0.504067
0.521851
0.930658
0.932925
0.931328
0.9294
0.933354
0.927271
0.955615
0.889263
0.567533
0.639148
0.537891
0.547201
0.923626
0.926147
0.922248
0.915297
0.933001
0.934395
0.931566
0.934476
0.93053
0.935781
0.923874
0.931865
0.945024
0.937477
0.592338
0.659905
0.940978
0.940392
0.93644
0.937392
0.59749
0.611466
0.940739
0.939018
0.939751
0.940261
0.937516
0.939551
0.937035
0.935946
0.942543
0.936635
0.941058
0.943518
0.940125
0.941136
0.942026
0.941921
0.933725
0.933529
0.935888
0.93726
0.942605
0.939925
0.943776
0.946841
0.944104
0.944093
0.822725
0.911081
0.604444
0.620075
0.939724
0.93422
0.941311
0.939403
0.945095
0.943865
0.945595
0.939426
0.93987
0.94188
0.929043
0.930366
0.935335
0.93475
0.940041
0.941551
0.93485
0.936882
0.939081
0.933689
0.936716
0.941461
0.938371
0.920209
0.834099
0.8867
0.660549
0.743457
0.571724
0.584579
0.570657
0.594049
0.605159
0.815193
0.585144
0.592755
0.648213
0.887996
0.642782
0.642489
0.649785
0.634305
0.934556
0.936103
0.92648
0.932312
0.927992
0.931971
0.934727
0.918779
0.93102
0.934045
0.909997
0.921498
0.954066
0.767862
0.705525
0.890143
0.907995
0.790528
0.943162
0.935874
0.923857
0.91706
0.890756
0.929063
0.435886
0.510513
0.417719
0.445126
0.545629
0.372309
0.408269
0.454609
0.439546
0.424937
0.419747
0.450826
0.460393
0.482679
0.465761
0.415255
0.419096
0.327417
0.369159
0.421009
0.418889
0.495009
0.510609
0.455531
0.473437
0.427068
0.453738
0.413282
0.423558
0.407363
0.427902
0.5212
0.530669
0.464531
0.482191
0.458007
0.450785
0.430187
0.436142
0.513323
0.532522
0.531227
0.53913
0.455793
0.472597
0.429574
0.438591
0.430855
0.47634
0.445741
0.457501
0.459966
0.451587
0.441698
0.452688
0.410163
0.436221
0.419818
0.419048
0.402806
0.416088
0.381906
0.342457
0.508888
0.48201
0.39354
0.388032
0.478848
0.472256
0.471767
0.427207
0.477166
0.427621
0.433148
0.45371
0.44279
0.444221
0.436356
0.460441
0.385047
0.397795
0.355473
0.375537
0.35728
0.358707
0.3538
0.363201
0.457617
0.45992
0.418981
0.415684
0.390617
0.398188
0.479232
0.474523
0.413193
0.435799
0.512022
0.506478
0.43156
0.442092
0.401478
0.379484
0.378339
0.389009
0.499214
0.518
0.430324
0.406509
0.408405
0.392988
0.395555
0.410603
0.537803
0.564307
0.498185
0.517445
0.458707
0.485482
0.445354
0.459393
0.429844
0.448101
0.562258
0.576605
0.51902
0.527919
0.491625
0.511615
0.476554
0.485859
0.465079
0.479604
0.572644
0.60496
0.54783
0.577979
0.514304
0.501565
0.493656
0.486598
0.48623
0.481781
0.62856
0.602678
0.474243
0.567813
0.468188
0.525966
0.444923
0.465048
0.480751
0.45296
0.400383
0.391102
0.417783
0.408094
0.43898
0.427856
0.472877
0.448844
0.48254
0.482342
0.465856
0.4735
0.338868
0.356091
0.434634
0.415512
0.460305
0.483217
0.402574
0.438229
0.413545
0.415811
0.418632
0.381697
0.404192
0.453755
0.43241
0.404023
0.431956
0.424918
0.413864
0.415835
0.404319
0.414873
0.413661
0.413066
0.403192
0.401347
0.416085
0.412519
0.43789
0.439181
0.426231
0.413156
0.411636
0.41276
0.414445
0.421538
0.398169
0.408186
0.419403
0.406199
0.438667
0.452036
0.436787
0.433092
0.412725
0.419099
0.41105
0.409377
0.431252
0.427858
0.41642
0.400154
0.418816
0.410276
0.409706
0.406049
0.449919
0.447542
0.3547
0.377255
0.415835
0.451066
0.406806
0.412564
0.396562
0.403941
0.401767
0.409608
0.39481
0.401845
0.399926
0.400633
0.389597
0.395269
0.389852
0.392863
0.404608
0.401565
0.403416
0.404726
0.400353
0.401695
0.420421
0.405394
0.44606
0.427891
0.407898
0.418612
0.409583
0.405207
0.433286
0.421419
0.405262
0.411037
0.387474
0.396662
0.384119
0.406017
0.448301
0.420901
0.404646
0.385093
0.406211
0.402404
0.424875
0.400737
0.437246
0.410072
0.432416
0.456205
0.412323
0.416599
0.420867
0.419411
0.417463
0.426403
0.401525
0.400193
0.413518
0.410185
0.435488
0.447513
0.410933
0.419633
0.404929
0.401899
0.458972
0.45162
0.399432
0.39658
0.400306
0.400735
0.432845
0.433008
0.503474
0.489727
0.361638
0.467687
0.369005
0.463339
0.489081
0.454033
0.455666
0.452605
0.42297
0.432611
0.399949
0.431621
0.404055
0.460555
0.231516
0.465196
0.505286
0.491735
0.535048
0.502524
0.533787
0.52893
0.497511
0.515851
0.495234
0.495685
0.407874
0.426267
0.383935
0.433752
0.284201
0.350085
0.417395
0.40912
0.539348
0.44372
0.394201
0.419291
0.43118
0.388719
0.490566
0.502968
0.439709
0.452339
0.521819
0.523934
0.502121
0.492575
0.447623
0.470624
0.51063
0.500339
0.377238
0.287075
0.501994
0.50725
0.525515
0.515024
0.500667
0.49931
0.533415
0.520202
0.284052
0.356418
0.186356
0.201938
0.178133
0.177347
0.299983
0.277413
0.441464
0.441801
0.47493
0.476366
0.487867
0.474908
0.524889
0.513154
0.485751
0.502676
0.413523
0.421243
0.434443
0.443898
0.404856
0.446273
0.460472
0.35452
0.484391
0.454
0.497368
0.489949
0.55264
0.553171
0.510076
0.479303
0.411491
0.437166
0.458095
0.447756
0.478667
0.479049
0.468415
0.479403
0.455535
0.451973
0.478975
0.463456
0.415769
0.42574
0.442257
0.4646
0.486127
0.497874
0.47641
0.493146
0.509626
0.499626
0.528315
0.520254
0.534032
0.519916
0.505393
0.488926
0.412628
0.373851
0.264256
0.265166
0.486065
0.448383
0.531461
0.507045
0.477425
0.479878
0.500566
0.498878
0.504091
0.495236
0.494106
0.48505
0.376419
0.36623
0.322657
0.292139
0.470552
0.399998
0.491076
0.501157
0.500398
0.506266
0.410045
0.348357
0.238547
0.204346
0.504806
0.407445
0.506169
0.529562
0.482891
0.483138
0.514875
0.535163
0.542589
0.530313
0.489658
0.477527
0.483455
0.477444
0.45137
0.460525
0.448943
0.442032
0.468198
0.480941
0.409398
0.411768
0.375255
0.418855
0.239352
0.336253
0.1758
0.310808
0.352463
0.111043
0.511515
0.483235
0.429611
0.474778
0.45671
0.464761
0.390527
0.412682
0.506767
0.493412
0.206245
0.209139
0.198591
0.312781
0.426497
0.459388
0.353804
0.418726
0.412705
0.360531
0.480256
0.465589
0.438085
0.413754
0.442024
0.440701
0.472812
0.486316
0.514805
0.513594
0.473517
0.491229
0.460632
0.434938
0.475247
0.490372
0.508086
0.497625
0.467219
0.480718
0.483439
0.480328
0.485572
0.479429
0.510388
0.509527
0.47316
0.463539
0.445891
0.490612
0.447726
0.440637
0.467776
0.446986
0.184349
0.22318
0.182874
0.224512
0.263566
0.215336
0.266762
0.280825
0.467076
0.457491
0.42769
0.427574
0.431067
0.387565
0.431518
0.423913
0.403438
0.343008
0.456912
0.436018
0.415005
0.424788
0.364684
0.454519
0.404021
0.495372
0.421263
0.466728
0.427744
0.430161
0.336186
0.401774
0.280305
0.335165
0.206112
0.19885
0.403518
0.409988
0.440778
0.422027
0.402934
0.433077
0.243373
0.334618
0.238498
0.234907
0.363718
0.351035
0.414523
0.388396
0.457036
0.460786
0.452214
0.368743
0.499987
0.404273
0.399218
0.509647
0.356007
0.361653
0.428535
0.41701
0.425291
0.420511
0.462177
0.369192
0.478043
0.393289
0.423448
0.375726
0.435128
0.389387
0.398239
0.412254
0.478587
0.439067
0.378908
0.406589
0.442953
0.480278
0.512458
0.52742
0.406037
0.447984
0.375819
0.447134
0.427658
0.434549
0.444273
0.444457
0.422853
0.436097
0.448536
0.457452
0.487974
0.473007
0.445609
0.464694
0.466032
0.437701
0.414421
0.416447
0.361891
0.388458
0.51591
0.432368
0.454027
0.46699
0.425891
0.434969
0.467036
0.476418
0.461674
0.46079
0.461872
0.466308
0.45973
0.465358
0.450083
0.410909
0.438066
0.434546
0.43353
0.426087
0.446126
0.448884
0.436269
0.451296
0.350493
0.290897
0.465803
0.43292
0.476668
0.481998
0.452199
0.464772
0.423034
0.447551
0.39992
0.41816
0.421729
0.4202
0.483752
0.495543
0.485671
0.48037
0.480083
0.490131
0.502703
0.509518
0.459776
0.445118
0.47353
0.507434
0.33369
0.337249
0.229182
0.214378
0.410517
0.437383
0.425809
0.451551
0.50104
0.492915
0.208486
0.242249
0.3983
0.377127
0.285577
0.256503
0.523034
0.441531
0.320802
0.275593
0.481203
0.48673
0.486515
0.486549
0.477593
0.480507
0.494722
0.485486
0.508818
0.505068
0.499095
0.471338
0.258535
0.25172
0.196849
0.20337
0.390445
0.422828
0.425258
0.435855
0.418483
0.345595
0.329303
0.365393
0.400111
0.405733
0.376021
0.405488
0.460516
0.373773
0.151916
0.130177
0.353541
0.35345
0.416944
0.390202
0.335106
0.324182
0.416458
0.390715
0.307655
0.380054
0.417003
0.427376
0.420856
0.412281
0.390458
0.406187
0.253378
0.305021
0.488247
0.402684
0.507684
0.499421
0.488485
0.476161
0.397622
0.419166
0.370661
0.379537
0.400206
0.44424
0.410442
0.432608
0.458603
0.442879
0.469093
0.459642
0.409581
0.420397
0.422684
0.473578
0.452779
0.451822
0.438934
0.44104
0.911639
0.934985
0.935128
0.532347
0.931958
0.941606
0.939386
0.942477
0.936442
0.940483
0.936844
0.578669
0.946618
0.801464
0.749842
0.889974
0.937197
0.932904
0.59076
0.634036
0.672974
0.668109
0.704118
0.665343
0.650584
0.619209
0.819727
0.628624
0.628914
0.605363
0.775602
0.740784
0.601498
0.545332
0.547731
0.565185
0.564006
0.538629
0.53949
0.564094
0.857979
0.886898
0.869361
0.804467
0.580079
0.60873
0.541198
0.492158
0.555431
0.558326
0.565823
0.540093
0.583907
0.589181
0.561163
0.554397
0.642492
0.61593
0.563981
0.588048
0.570409
0.580288
0.728639
0.694043
0.583972
0.607329
0.878579
0.842598
0.59677
0.608082
0.646086
0.709473
0.91573
0.925997
0.858682
0.680929
0.91913
0.84248
0.848499
0.699115
0.910536
0.924457
0.934322
0.935784
0.940533
0.933538
0.927749
0.935582
0.967632
0.937011
0.487403
0.546629
0.508415
0.509539
0.929991
0.933023
0.93562
0.934877
0.953441
0.962973
0.51212
0.523326
0.488526
0.479949
0.529916
0.546163
0.524998
0.497685
0.925548
0.929251
0.929735
0.927061
0.924745
0.938122
0.89464
0.800655
0.566141
0.565905
0.551425
0.537024
0.926092
0.926511
0.913763
0.920377
0.934974
0.933415
0.931807
0.931415
0.937555
0.933511
0.928133
0.920414
0.938444
0.945454
0.665431
0.618005
0.94147
0.940686
0.941072
0.93499
0.616202
0.603432
0.939123
0.94018
0.941264
0.94059
0.941387
0.941109
0.937189
0.938633
0.93675
0.940313
0.942997
0.941087
0.941615
0.941328
0.942548
0.943384
0.935863
0.936313
0.93529
0.935428
0.941111
0.944021
0.94654
0.943711
0.943999
0.944529
0.950533
0.827004
0.62867
0.607624
0.935368
0.937358
0.938662
0.941859
0.946724
0.946169
0.93937
0.943944
0.946024
0.951487
0.928774
0.928155
0.932105
0.932558
0.942404
0.942765
0.935044
0.933766
0.93319
0.941713
0.941006
0.937943
0.91743
0.931835
0.892951
0.842057
0.624644
0.643793
0.588546
0.547204
0.599912
0.580258
0.827737
0.608907
0.605468
0.595199
0.917189
0.74834
0.646524
0.62399
0.649267
0.621251
0.937502
0.935472
0.931602
0.92723
0.930472
0.929919
0.922949
0.938345
0.942556
0.946161
0.942578
0.921093
0.483127
0.74822
0.90744
0.715808
0.803979
0.853054
0.937952
0.941232
0.927402
0.926668
0.932519
0.907454
0.432751
0.531446
0.417719
0.414283
0.520259
0.396653
0.402335
0.436491
0.44593
0.426619
0.427006
0.456792
0.471764
0.474833
0.490356
0.425268
0.422152
0.404555
0.366098
0.42444
0.421842
0.514932
0.496434
0.479549
0.46578
0.461699
0.439088
0.431105
0.421774
0.432068
0.420672
0.531277
0.541151
0.48949
0.497684
0.456395
0.46717
0.437914
0.439602
0.539406
0.536556
0.551688
0.516069
0.448757
0.433872
0.427101
0.427327
0.445983
0.429838
0.421108
0.431647
0.414353
0.450878
0.421486
0.429986
0.438051
0.419774
0.410098
0.416447
0.418995
0.407359
0.387529
0.413658
0.479726
0.498654
0.37472
0.395871
0.463294
0.458206
0.433619
0.454192
0.42743
0.458206
0.459998
0.424615
0.467782
0.436623
0.441297
0.430349
0.42325
0.387159
0.361596
0.366725
0.341905
0.36047
0.361582
0.371004
0.483433
0.451762
0.436567
0.404256
0.403786
0.389136
0.501903
0.45934
0.444933
0.416867
0.475441
0.511378
0.414731
0.463305
0.414006
0.397053
0.395332
0.377256
0.539318
0.499014
0.387991
0.467835
0.375214
0.408557
0.410721
0.40711
0.567752
0.523182
0.522999
0.473491
0.50089
0.453908
0.474555
0.444132
0.453601
0.434067
0.587292
0.56698
0.546634
0.50378
0.509347
0.489669
0.493023
0.481458
0.482698
0.469767
0.600553
0.581255
0.58027
0.532501
0.530895
0.510561
0.486332
0.484737
0.482798
0.490323
0.620759
0.62054
0.56622
0.522812
0.508857
0.472961
0.463524
0.453363
0.452553
0.476061
0.396307
0.39796
0.406055
0.417335
0.425946
0.436224
0.447887
0.473927
0.481782
0.475798
0.48019
0.467341
0.344993
0.345311
0.443897
0.425139
0.489751
0.457404
0.402344
0.448177
0.413546
0.415809
0.418631
0.381703
0.41234
0.453758
0.417117
0.408954
0.421795
0.426959
0.408583
0.413179
0.415347
0.406589
0.412032
0.408939
0.400662
0.403054
0.413472
0.431483
0.428643
0.431303
0.41175
0.427564
0.411297
0.414676
0.425211
0.411631
0.40719
0.402859
0.406396
0.419297
0.451326
0.436514
0.433718
0.4338
0.416009
0.412741
0.409966
0.413517
0.427819
0.428439
0.399088
0.413917
0.407282
0.419489
0.407442
0.409919
0.451022
0.443622
0.376459
0.358666
0.457029
0.417045
0.417182
0.405388
0.40219
0.399367
0.406236
0.398901
0.41016
0.408908
0.40645
0.401356
0.395546
0.390082
0.391045
0.392337
0.408941
0.404926
0.405217
0.404114
0.401405
0.400336
0.40968
0.422162
0.42552
0.442982
0.416543
0.40578
0.402915
0.411645
0.423442
0.431018
0.411113
0.405836
0.396107
0.398016
0.423266
0.393431
0.416291
0.445284
0.413608
0.40461
0.400149
0.404911
0.401047
0.412039
0.438187
0.40083
0.44706
0.423951
0.413728
0.412652
0.419212
0.420682
0.414343
0.417665
0.397921
0.40187
0.410755
0.426555
0.444118
0.426441
0.416038
0.406282
0.402154
0.400274
0.464887
0.448343
0.395516
0.401003
0.40378
0.40033
0.431041
0.434621
0.501151
0.5073
0.361684
0.464004
0.44363
0.446069
0.489084
0.463456
0.455667
0.44037
0.422971
0.432592
0.399957
0.428471
0.404048
0.460306
0.350317
0.518481
0.481666
0.499752
0.495437
0.525324
0.525744
0.531142
0.516168
0.492867
0.493738
0.48422
0.454005
0.432833
0.436436
0.380438
0.353259
0.32765
0.444194
0.404847
0.440015
0.514452
0.32181
0.444294
0.289324
0.46465
0.507009
0.488066
0.454309
0.448913
0.52233
0.517839
0.500167
0.501059
0.470571
0.447617
0.494566
0.501482
0.245552
0.286674
0.505545
0.501174
0.509982
0.519432
0.497626
0.504221
0.510251
0.528977
0.413878
0.264893
0.199728
0.1888
0.180186
0.182899
0.282268
0.349305
0.406948
0.44674
0.472427
0.469038
0.472379
0.484985
0.519806
0.524643
0.507291
0.488197
0.46142
0.408841
0.457852
0.41833
0.48055
0.392106
0.368464
0.431615
0.429249
0.47172
0.499994
0.508863
0.54927
0.547106
0.478957
0.485301
0.435151
0.422678
0.464941
0.455317
0.470702
0.449696
0.462226
0.455197
0.44631
0.451044
0.461017
0.466851
0.436482
0.406354
0.44254
0.44773
0.477688
0.480023
0.502316
0.505656
0.493433
0.506625
0.524081
0.526579
0.515891
0.523389
0.480958
0.504055
0.391761
0.433668
0.238234
0.277676
0.447341
0.450983
0.508691
0.53132
0.497445
0.492432
0.491247
0.496384
0.487519
0.4909
0.475998
0.478049
0.405106
0.421927
0.233636
0.311235
0.402807
0.413975
0.509031
0.507939
0.49614
0.499659
0.358327
0.412621
0.180233
0.243091
0.406887
0.468103
0.518599
0.50174
0.480796
0.476594
0.542184
0.502411
0.523756
0.518626
0.473779
0.486209
0.482052
0.484093
0.453089
0.454084
0.435451
0.449011
0.492309
0.469406
0.409843
0.41039
0.423193
0.40191
0.360142
0.28
0.358416
0.150614
0.0913939
0.368491
0.478557
0.505837
0.475011
0.430923
0.493607
0.47415
0.41475
0.474145
0.459854
0.502887
0.271369
0.242486
0.312783
0.236924
0.479812
0.41325
0.426676
0.355797
0.349244
0.408463
0.460841
0.477506
0.406526
0.434575
0.445367
0.451941
0.49536
0.481848
0.523193
0.507044
0.49147
0.47385
0.438876
0.462079
0.489032
0.477256
0.495319
0.497463
0.482367
0.47427
0.478544
0.480456
0.479736
0.482126
0.505279
0.474402
0.423214
0.46456
0.537841
0.515755
0.444931
0.452835
0.463062
0.463172
0.230858
0.19199
0.218623
0.191657
0.277424
0.293868
0.278511
0.332589
0.45203
0.459124
0.421407
0.420269
0.387571
0.463887
0.439748
0.436984
0.367535
0.420795
0.443636
0.44433
0.429328
0.360139
0.46916
0.379952
0.48942
0.402486
0.466283
0.442748
0.434841
0.429809
0.355831
0.293426
0.262451
0.29609
0.194655
0.203081
0.40888
0.412106
0.441951
0.44078
0.421562
0.345002
0.227054
0.243869
0.238242
0.241094
0.380364
0.390137
0.393477
0.420315
0.466064
0.462874
0.357526
0.427092
0.385412
0.466968
0.56204
0.481023
0.421732
0.382554
0.402013
0.422794
0.405354
0.405668
0.367399
0.434223
0.394792
0.446283
0.368735
0.400842
0.405557
0.398187
0.387286
0.401117
0.436879
0.448053
0.425117
0.40123
0.469299
0.430095
0.544987
0.52355
0.446147
0.387095
0.43833
0.392333
0.470892
0.392535
0.400417
0.431032
0.409547
0.394233
0.462612
0.456804
0.462914
0.474723
0.45525
0.447499
0.450561
0.461685
0.407102
0.415423
0.409389
0.399524
0.468711
0.498345
0.441993
0.414322
0.425805
0.414705
0.464973
0.468779
0.462055
0.467603
0.466588
0.466029
0.464089
0.461778
0.431544
0.443629
0.437964
0.420781
0.431209
0.431448
0.448466
0.436209
0.450663
0.437136
0.294087
0.300993
0.404461
0.421522
0.458922
0.458227
0.463703
0.453466
0.443551
0.419611
0.414905
0.404623
0.41957
0.421007
0.495472
0.485152
0.48226
0.49095
0.491597
0.484776
0.513017
0.504349
0.508089
0.508552
0.528819
0.500774
0.374748
0.322465
0.21501
0.229071
0.464675
0.394315
0.444472
0.440289
0.488832
0.479795
0.242413
0.214721
0.390004
0.359411
0.24486
0.293746
0.421252
0.510058
0.329029
0.378258
0.488459
0.472731
0.485777
0.479384
0.482025
0.481362
0.477354
0.491393
0.472039
0.468615
0.444807
0.463687
0.245896
0.243495
0.192968
0.2069
0.448747
0.377861
0.449169
0.454049
0.339327
0.399668
0.214178
0.276417
0.358543
0.326406
0.260273
0.278331
0.360218
0.412436
0.0896683
0.25583
0.390221
0.404283
0.467858
0.45852
0.325897
0.37099
0.427876
0.410447
0.35332
0.297484
0.42418
0.459968
0.446068
0.43049
0.430814
0.381705
0.313523
0.302503
0.419889
0.46213
0.527776
0.49106
0.506731
0.474588
0.432355
0.386488
0.394216
0.399783
0.460275
0.401046
0.408444
0.392513
0.441409
0.452639
0.464078
0.458793
0.436267
0.437938
0.481246
0.414998
0.426784
0.386378
0.440863
0.431643
0.579592
0.602069
0.617475
0.632142
0.627794
0.636856
0.615695
0.633682
0.588255
0.615192
0.5711
0.592868
0.624645
0.592473
0.6028
0.593718
0.861928
0.786524
0.831039
0.711907
0.810811
0.768771
0.881016
0.87072
0.722419
0.85057
0.581375
0.550275
0.597259
0.589273
0.582194
0.598592
0.543718
0.570368
0.552404
0.53879
0.556353
0.574664
0.597194
0.577349
0.600991
0.608732
0.575532
0.556355
0.540345
0.542859
0.569819
0.585955
0.545745
0.532967
0.529895
0.524154
0.6312
0.61718
0.638001
0.626564
0.636338
0.617018
0.622011
0.59024
0.593455
0.572915
0.590128
0.622423
0.591036
0.600241
0.780544
0.852329
0.681396
0.775161
0.792349
0.783712
0.903174
0.859353
0.873377
0.719887
0.538942
0.590261
0.628428
0.608119
0.60385
0.584674
0.573837
0.54996
0.53845
0.553948
0.569556
0.558371
0.57877
0.599634
0.608197
0.606066
0.557787
0.573503
0.537347
0.544552
0.599672
0.571013
0.522246
0.546001
0.522308
0.527227
0.640883
0.658634
0.671796
0.654883
0.663132
0.67634
0.657945
0.66968
0.635947
0.657178
0.614492
0.635921
0.679104
0.670495
0.689013
0.679929
0.692603
0.686668
0.688795
0.683906
0.667063
0.680931
0.665798
0.656564
0.663116
0.650328
0.637111
0.620028
0.69362
0.69133
0.689564
0.688705
0.677655
0.683388
0.668738
0.665841
0.691934
0.686047
0.681708
0.678335
0.671086
0.670627
0.660126
0.640482
0.657771
0.670954
0.676074
0.664247
0.669795
0.656096
0.657928
0.636879
0.637711
0.615794
0.668708
0.677539
0.679825
0.689278
0.685646
0.689928
0.684841
0.688596
0.683555
0.667397
0.656998
0.665631
0.653291
0.663384
0.619298
0.637781
0.692906
0.694063
0.689938
0.687091
0.685252
0.678646
0.666719
0.669362
0.687376
0.690137
0.679866
0.680185
0.669274
0.670075
0.666324
0.657058
0.657184
0.64794
0.63866
0.648361
0.66184
0.65405
0.66037
0.64752
0.650693
0.631237
0.623053
0.641841
0.673945
0.673625
0.677589
0.68014
0.675288
0.681697
0.666934
0.676434
0.666167
0.661088
0.662708
0.656962
0.610291
0.622246
0.623536
0.631173
0.618353
0.632628
0.614944
0.627092
0.599952
0.615848
0.575076
0.599161
0.604224
0.617607
0.661416
0.663961
0.657734
0.664546
0.649266
0.656152
0.650122
0.639624
0.655
0.661745
0.647884
0.659302
0.63217
0.64682
0.639741
0.621752
0.674496
0.670802
0.680887
0.677179
0.680941
0.674075
0.678678
0.666203
0.661592
0.666653
0.655915
0.662769
0.62526
0.612537
0.629486
0.62089
0.633905
0.617057
0.626278
0.614766
0.616254
0.598792
0.600258
0.575439
0.621284
0.608384
0.664529
0.662953
0.36039
0.355623
0.38902
0.381865
0.471383
0.417624
0.556831
0.531384
0.527541
0.522003
0.559023
0.529038
0.578179
0.574946
0.527971
0.562798
0.483988
0.513997
0.490816
0.483588
0.479951
0.472588
0.52279
0.503317
0.533944
0.546839
0.469478
0.510478
0.422212
0.459172
0.394515
0.460295
0.515432
0.543525
0.379531
0.32245
0.438788
0.459366
0.44509
0.421601
0.505268
0.507908
0.495645
0.491973
0.431917
0.463885
0.358485
0.403018
0.510635
0.474229
0.453315
0.43132
0.461723
0.427951
0.592164
0.569715
0.582507
0.577707
0.567201
0.582697
0.586819
0.580742
0.593213
0.584647
0.587943
0.567598
0.557574
0.534355
0.395726
0.388347
0.394589
0.406377
0.397274
0.466872
0.540738
0.544758
0.524251
0.535325
0.529654
0.565091
0.584599
0.574665
0.569721
0.528399
0.514965
0.486694
0.493942
0.494241
0.475376
0.492181
0.501208
0.529896
0.55004
0.529636
0.519813
0.475156
0.462698
0.422203
0.463181
0.399223
0.535575
0.513088
0.321067
0.392827
0.483524
0.448597
0.427976
0.46951
0.517071
0.507998
0.503157
0.493846
0.474113
0.442841
0.40157
0.379917
0.493435
0.476586
0.455377
0.483254
0.430628
0.460232
0.573137
0.592637
0.570668
0.579761
0.582595
0.565629
0.582802
0.591006
0.589128
0.595907
0.569193
0.585861
0.532632
0.558539
